jim|12730.836750.mat_peptide.4	0.175607465413169	0.165958983989183	0.151868293973703	555.128712871284	0.977339283224092	568
jim|12730.f2af36.mat_peptide.5	0.17580097490114	0.0562753963788746	0.181001622922124	555.141914191416	0.973933182791958	570
jim|12730.9c58e0.mat_peptide.5	0.175607465413169	0.165958983989183	0.151868293973703	555.128712871284	0.977339283224092	568
jim|11191.35dd77.mat_peptide.5	0.111604202267163	0.0815853998928675	0.151868293973703	550.762376237621	0.969652070840882	568
jim|12730.0784d4.mat_peptide.5	0.175607465413169	0.165958983989183	0.151868293973703	555.128712871284	0.977339283224092	568
jim|12730.5a79ac.mat_peptide.5	0.175607465413169	0.165958983989183	0.151868293973703	555.128712871284	0.977339283224092	568
jim|1357321.21557b.mat_peptide.5	0.163513122415061	0.209308707945023	0.239268280818967	554.303630363033	0.965685767182985	574
jim|1357321.5764b1.mat_peptide.4	0.163513122415061	0.209308707945023	0.239268280818967	554.303630363033	0.965685767182985	574
jim|12730.0dd2b0.mat_peptide.5	0.175607465413169	0.165958983989183	0.151868293973703	555.128712871284	0.977339283224092	568
jim|12730.5a55fc.mat_peptide.5	0.175607465413169	0.165958983989183	0.151868293973703	555.128712871284	0.977339283224092	568
jim|3049952.664433.mat_peptide.5	0.175607465413169	0.165958983989183	0.151868293973703	555.128712871284	0.977339283224092	568
jim|2944258.d00554.mat_peptide.5	0.106234313976006	0.428529316651981	0.239268280818967	550.396039603958	0.95887811777693	574
jim|1357321.d174fa.mat_peptide.5	0.163513122415061	0.209308707945023	0.239268280818967	554.303630363033	0.965685767182985	574
jim|12730.d3c935.mat_peptide.5	0.175607465413169	0.165958983989183	0.151868293973703	555.128712871284	0.977339283224092	568
jim|12730.d728b2.mat_peptide.5	0.175607465413169	0.165958983989183	0.151868293973703	555.128712871284	0.977339283224092	568
jim|12730.0810e7.mat_peptide.4	0.111604202267163	0.0815853998928675	0.151868293973703	550.762376237621	0.969652070840882	568
jim|12730.bc2ada.mat_peptide.5	0.175607465413169	0.165958983989183	0.151868293973703	555.128712871284	0.977339283224092	568
jim|2847092.b5c37f.mat_peptide.5	0.0744987579489629	0.225097525695967	0.151868293973703	548.231023102308	0.965195463208288	568
jim|12730.9c7f90.mat_peptide.5	0.175607465413169	0.165958983989183	0.151868293973703	555.128712871284	0.977339283224092	568
jim|12730.bbfa52.mat_peptide.5	0.175607465413169	0.165958983989183	0.151868293973703	555.128712871284	0.977339283224092	568
jim|12730.9b2491.mat_peptide.5	0.175607465413169	0.165958983989183	0.151868293973703	555.128712871284	0.977339283224092	568
jim|12730.01b5fa.mat_peptide.5	0.175607465413169	0.165958983989183	0.151868293973703	555.128712871284	0.977339283224092	568
jim|11191.dff2c2.mat_peptide.3	0.111604202267163	0.0815853998928675	0.151868293973703	550.762376237621	0.969652070840882	568
jim|11191.d95a20.mat_peptide.4	0.111604202267163	0.0815853998928675	0.151868293973703	550.762376237621	0.969652070840882	568
jim|12730.dae306.mat_peptide.5	0.175607465413169	0.165958983989183	0.151868293973703	555.128712871284	0.977339283224092	568
jim|11191.e4b8e8.mat_peptide.5	0.111604202267163	0.0815853998928675	0.151868293973703	550.762376237621	0.969652070840882	568
jim|12730.95b59a.mat_peptide.4	0.175607465413169	0.165958983989183	0.151868293973703	555.128712871284	0.977339283224092	568
jim|12730.b63b9f.mat_peptide.5	0.175607465413169	0.165958983989183	0.151868293973703	555.128712871284	0.977339283224092	568
jim|12730.4f2c83.mat_peptide.5	0.175607465413169	0.165958983989183	0.151868293973703	555.128712871284	0.977339283224092	568
jim|12730.0ffeff.mat_peptide.5	0.175607465413169	0.165958983989183	0.151868293973703	555.128712871284	0.977339283224092	568
jim|12730.db55d3.mat_peptide.5	0.175607465413169	0.165958983989183	0.151868293973703	555.128712871284	0.977339283224092	568
jim|12730.0e8a83.mat_peptide.5	0.175607465413169	0.165958983989183	0.151868293973703	555.128712871284	0.977339283224092	568
jim|1357321.ccef40.mat_peptide.4	0.163513122415061	0.209308707945023	0.239268280818967	554.303630363033	0.965685767182985	574
jim|12730.f643f4.mat_peptide.4	7.93244008052081	0.789404098951559	8.09286379842959	1.99339933993399	0.996699669966997	2
jim|12730.8d051e.mat_peptide.4	0.111604202267163	0.0815853998928675	0.151868293973703	550.762376237621	0.969652070840882	568
jim|11191.0a2fcd.mat_peptide.5	0.111604202267163	0.0815853998928675	0.151868293973703	550.762376237621	0.969652070840882	568
jim|12730.42574f.mat_peptide.5	0.175607465413169	0.165958983989183	0.151868293973703	555.128712871284	0.977339283224092	568
jim|1357321.1c671f.mat_peptide.5	0.163513122415061	0.209308707945023	0.239268280818967	554.303630363033	0.965685767182985	574
jim|12730.dbdcbe.mat_peptide.5	0.175607465413169	0.165958983989183	0.151868293973703	555.128712871284	0.977339283224092	568
jim|1357321.4ea941.mat_peptide.5	0.163513122415061	0.209308707945023	0.239268280818967	554.303630363033	0.965685767182985	574
jim|12730.b2431a.mat_peptide.5	0.175607465413169	0.165958983989183	0.151868293973703	555.128712871284	0.977339283224092	568
jim|12730.ba0d7a.mat_peptide.5	0.175607465413169	0.165958983989183	0.151868293973703	555.128712871284	0.977339283224092	568
jim|12730.d7f321.mat_peptide.5	0.175607465413169	0.165958983989183	0.151868293973703	555.128712871284	0.977339283224092	568
jim|12730.b7692b.mat_peptide.5	0.175607465413169	0.165958983989183	0.151868293973703	555.128712871284	0.977339283224092	568
jim|12730.80c06f.mat_peptide.5	0.175607465413169	0.165958983989183	0.151868293973703	555.128712871284	0.977339283224092	568
jim|12730.be882d.mat_peptide.5	0.175607465413169	0.165958983989183	0.151868293973703	555.128712871284	0.977339283224092	568
jim|12730.36c7a6.mat_peptide.5	0.175607465413169	0.165958983989183	0.151868293973703	555.128712871284	0.977339283224092	568
jim|12730.e93cb2.mat_peptide.5	0.175607465413169	0.165958983989183	0.151868293973703	555.128712871284	0.977339283224092	568
jim|12730.0fec64.mat_peptide.5	0.175607465413169	0.165958983989183	0.151868293973703	555.128712871284	0.977339283224092	568
jim|2806895.56a8bf.mat_peptide.5	0.111604202267163	0.0815853998928675	0.151868293973703	550.762376237621	0.969652070840882	568
jim|12730.93f25f.mat_peptide.5	0.175607465413169	0.165958983989183	0.151868293973703	555.128712871284	0.977339283224092	568
jim|12730.0ca2ef.mat_peptide.5	0.175607465413169	0.165958983989183	0.151868293973703	555.128712871284	0.977339283224092	568
jim|188538.411417.mat_peptide.5	0.175607465413169	0.165958983989183	0.151868293973703	555.128712871284	0.977339283224092	568
jim|3052733.0a2ceb.mat_peptide.4	0.163513122415061	0.209308707945023	0.239268280818967	554.303630363033	0.965685767182985	574
jim|1357321.fbf50e.mat_peptide.4	0.163513122415061	0.209308707945023	0.239268280818967	554.303630363033	0.965685767182985	574
jim|2877506.4d4c3d.mat_peptide.5	0.111604202267163	0.0815853998928675	0.151868293973703	550.762376237621	0.969652070840882	568
jim|12730.80ff97.mat_peptide.5	0.175607465413169	0.165958983989183	0.151868293973703	555.128712871284	0.977339283224092	568
jim|12730.f71785.mat_peptide.5	0.175607465413169	0.165958983989183	0.151868293973703	555.128712871284	0.977339283224092	568
jim|11191.12227d.mat_peptide.5	0.111604202267163	0.0815853998928675	0.151868293973703	550.762376237621	0.969652070840882	568
jim|11191.ec0067.mat_peptide.5	0.111604202267163	0.0815853998928675	0.151868293973703	550.762376237621	0.969652070840882	568
jim|12730.06ac26.mat_peptide.5	0.175607465413169	0.165958983989183	0.151868293973703	555.128712871284	0.977339283224092	568
jim|12730.de2a90.mat_peptide.5	0.175607465413169	0.165958983989183	0.151868293973703	555.128712871284	0.977339283224092	568
jim|1357321.931f80.mat_peptide.5	0.163513122415061	0.209308707945023	0.239268280818967	554.303630363033	0.965685767182985	574
jim|3049952.a5fca1.mat_peptide.5	0.175607465413169	0.165958983989183	0.151868293973703	555.128712871284	0.977339283224092	568
jim|12730.142c61.mat_peptide.5	0.175607465413169	0.165958983989183	0.151868293973703	555.128712871284	0.977339283224092	568
jim|2937032.78c782.mat_peptide.5	0.111604202267163	0.0815853998928675	0.151868293973703	550.762376237621	0.969652070840882	568
jim|2806895.1c2791.mat_peptide.5	0.111604202267163	0.0815853998928675	0.151868293973703	550.762376237621	0.969652070840882	568
jim|12730.7c07fe.mat_peptide.5	0.175607465413169	0.165958983989183	0.151868293973703	555.128712871284	0.977339283224092	568
jim|12730.4b3e8c.mat_peptide.5	0.175607465413169	0.165958983989183	0.151868293973703	555.128712871284	0.977339283224092	568
jim|12730.d2e78f.mat_peptide.4	0.175607465413169	0.165958983989183	0.151868293973703	555.128712871284	0.977339283224092	568
jim|12730.50436a.mat_peptide.5	0.17580097490114	0.0562753963788746	0.181001622922124	555.141914191416	0.973933182791958	570
jim|12730.ac3fd3.mat_peptide.5	0.175607465413169	0.165958983989183	0.151868293973703	555.128712871284	0.977339283224092	568
jim|12730.b89fb6.mat_peptide.5	0.175607465413169	0.165958983989183	0.151868293973703	555.128712871284	0.977339283224092	568
jim|12730.933c42.mat_peptide.5	0.175607465413169	0.165958983989183	0.151868293973703	555.128712871284	0.977339283224092	568
jim|12730.a899a3.mat_peptide.5	3.17375150711185	0.280037781995383	3.27129785746583	326.633663366335	0.980881871970976	333
jim|12730.c3009f.mat_peptide.5	0.0228365144998426	0.174375483584441	0.0520650086652477	541.590759075905	0.977600648151453	554
jim|12730.24b349.mat_peptide.5	0.175607465413169	0.165958983989183	0.151868293973703	555.128712871284	0.977339283224092	568
jim|12730.299064.mat_peptide.5	0.175607465413169	0.165958983989183	0.151868293973703	555.128712871284	0.977339283224092	568
jim|12730.f1ecfb.mat_peptide.5	0.175607465413169	0.165958983989183	0.151868293973703	555.128712871284	0.977339283224092	568
jim|11191.767fb8.mat_peptide.5	0.111604202267163	0.0815853998928675	0.151868293973703	550.762376237621	0.969652070840882	568
jim|12730.911440.mat_peptide.5	0.175607465413169	0.165958983989183	0.151868293973703	555.128712871284	0.977339283224092	568
jim|12730.1bc8c7.mat_peptide.5	0.175607465413169	0.165958983989183	0.151868293973703	555.128712871284	0.977339283224092	568
jim|12730.08f797.mat_peptide.5	0.175607465413169	0.165958983989183	0.151868293973703	555.128712871284	0.977339283224092	568
jim|12730.2e4bfd.mat_peptide.5	0.175607465413169	0.165958983989183	0.151868293973703	555.128712871284	0.977339283224092	568
jim|1357321.6de093.mat_peptide.5	0.163513122415061	0.209308707945023	0.239268280818967	554.303630363033	0.965685767182985	574
jim|12730.487e50.mat_peptide.5	0.175607465413169	0.165958983989183	0.151868293973703	555.128712871284	0.977339283224092	568
jim|11191.494f9f.mat_peptide.5	0.111604202267163	0.0815853998928675	0.151868293973703	550.762376237621	0.969652070840882	568
jim|12730.b75b01.mat_peptide.5	0.175607465413169	0.165958983989183	0.151868293973703	555.128712871284	0.977339283224092	568
jim|12730.523d47.mat_peptide.4	0.175607465413169	0.165958983989183	0.151868293973703	555.128712871284	0.977339283224092	568
jim|12730.5ada8e.mat_peptide.5	0.175607465413169	0.165958983989183	0.151868293973703	555.128712871284	0.977339283224092	568
jim|1357321.d2315a.mat_peptide.5	0.163513122415061	0.209308707945023	0.239268280818967	554.303630363033	0.965685767182985	574
jim|12730.f27b17.mat_peptide.5	0.175607465413169	0.165958983989183	0.151868293973703	555.128712871284	0.977339283224092	568
jim|11191.4585ad.mat_peptide.5	0.111604202267163	0.0815853998928675	0.151868293973703	550.762376237621	0.969652070840882	568
jim|11191.af035e.mat_peptide.5	0.111604202267163	0.0815853998928675	0.151868293973703	550.762376237621	0.969652070840882	568
jim|12730.a2c2e8.mat_peptide.4	0.175607465413169	0.165958983989183	0.151868293973703	555.128712871284	0.977339283224092	568
jim|3052733.07f46f.mat_peptide.5	0.163513122415061	0.209308707945023	0.239268280818967	554.303630363033	0.965685767182985	574
jim|3052733.50e8fb.mat_peptide.5	0.163513122415061	0.209308707945023	0.239268280818967	554.303630363033	0.965685767182985	574
jim|12730.e9edda.mat_peptide.5	0.175607465413169	0.165958983989183	0.151868293973703	555.128712871284	0.977339283224092	568
jim|12730.6bfa37.mat_peptide.5	0.175607465413169	0.165958983989183	0.151868293973703	555.128712871284	0.977339283224092	568
jim|12730.2425c4.mat_peptide.5	0.175607465413169	0.165958983989183	0.151868293973703	555.128712871284	0.977339283224092	568
jim|2282853.1ebdad.mat_peptide.5	0.0744987579489629	0.225097525695967	0.151868293973703	548.231023102308	0.965195463208288	568
jim|1357321.3d13ea.mat_peptide.5	0.163513122415061	0.209308707945023	0.239268280818967	554.303630363033	0.965685767182985	574
jim|2806895.d352cc.mat_peptide.5	0.111604202267163	0.0815853998928675	0.151868293973703	550.762376237621	0.969652070840882	568
jim|12730.df7e01.mat_peptide.5	0.175607465413169	0.165958983989183	0.151868293973703	555.128712871284	0.977339283224092	568
jim|12730.4c0b69.mat_peptide.5	0.175607465413169	0.165958983989183	0.151868293973703	555.128712871284	0.977339283224092	568
jim|12730.72e168.mat_peptide.5	0.175607465413169	0.165958983989183	0.151868293973703	555.128712871284	0.977339283224092	568
jim|12730.6391b6.mat_peptide.5	0.175607465413169	0.165958983989183	0.151868293973703	555.128712871284	0.977339283224092	568
jim|11191.a787b5.mat_peptide.5	0.111604202267163	0.0815853998928675	0.151868293973703	550.762376237621	0.969652070840882	568
jim|1357321.cac33d.mat_peptide.4	0.163513122415061	0.209308707945023	0.239268280818967	554.303630363033	0.965685767182985	574
jim|11191.4677fb.mat_peptide.5	0.111604202267163	0.0815853998928675	0.151868293973703	550.762376237621	0.969652070840882	568
jim|1357321.53a5d0.mat_peptide.5	0.163513122415061	0.209308707945023	0.239268280818967	554.303630363033	0.965685767182985	574
jim|12730.b9b20d.mat_peptide.5	0.175607465413169	0.165958983989183	0.151868293973703	555.128712871284	0.977339283224092	568
jim|12730.d751a9.mat_peptide.4	0.175607465413169	0.165958983989183	0.151868293973703	555.128712871284	0.977339283224092	568
jim|12730.b91c71.mat_peptide.5	0.175607465413169	0.165958983989183	0.151868293973703	555.128712871284	0.977339283224092	568
jim|12730.b129eb.mat_peptide.8	7.26212321419348	12.0967498828753	6.95666396944115	47.7227722772277	0.596534653465346	80
jim|12730.6afc54.mat_peptide.5	2.45655696732382	0.270225738207525	2.54296463375529	375.56105610561	0.980577169988537	383
jim|11191.3584bb.mat_peptide.5	0.111604202267163	0.0815853998928675	0.151868293973703	550.762376237621	0.969652070840882	568
jim|11191.fec1e7.mat_peptide.5	0.111604202267163	0.0815853998928675	0.151868293973703	550.762376237621	0.969652070840882	568
jim|12730.6b8f90.mat_peptide.5	0.175607465413169	0.165958983989183	0.151868293973703	555.128712871284	0.977339283224092	568
jim|12730.a1c896.mat_peptide.5	0.175607465413169	0.165958983989183	0.151868293973703	555.128712871284	0.977339283224092	568
jim|12730.35a30c.mat_peptide.5	0.175607465413169	0.165958983989183	0.151868293973703	555.128712871284	0.977339283224092	568
jim|12730.a925f6.mat_peptide.5	0.175607465413169	0.165958983989183	0.151868293973703	555.128712871284	0.977339283224092	568
jim|12730.13446a.mat_peptide.5	0.175607465413169	0.165958983989183	0.151868293973703	555.128712871284	0.977339283224092	568
jim|12730.d9c07a.mat_peptide.4	0.175607465413169	0.165958983989183	0.151868293973703	555.128712871284	0.977339283224092	568
jim|12730.facfd1.mat_peptide.5	0.175607465413169	0.165958983989183	0.151868293973703	555.128712871284	0.977339283224092	568
jim|1357321.d81685.mat_peptide.5	0.163513122415061	0.209308707945023	0.239268280818967	554.303630363033	0.965685767182985	574
jim|12730.0063fc.mat_peptide.5	0.175607465413169	0.165958983989183	0.151868293973703	555.128712871284	0.977339283224092	568
jim|1357321.ca0918.mat_peptide.4	0.163513122415061	0.209308707945023	0.239268280818967	554.303630363033	0.965685767182985	574
jim|12730.a8c60b.mat_peptide.5	0.175607465413169	0.165958983989183	0.151868293973703	555.128712871284	0.977339283224092	568
jim|12730.58b7c8.mat_peptide.5	0.175607465413169	0.165958983989183	0.151868293973703	555.128712871284	0.977339283224092	568
jim|12730.9b3f5b.mat_peptide.5	0.175607465413169	0.165958983989183	0.151868293973703	555.128712871284	0.977339283224092	568
jim|12730.7faa8e.mat_peptide.5	0.175607465413169	0.165958983989183	0.151868293973703	555.128712871284	0.977339283224092	568
jim|12730.85087e.mat_peptide.5	0.175607465413169	0.165958983989183	0.151868293973703	555.128712871284	0.977339283224092	568
jim|12730.f2d1cd.mat_peptide.5	0.175607465413169	0.165958983989183	0.151868293973703	555.128712871284	0.977339283224092	568
jim|12730.da8661.mat_peptide.5	0.175607465413169	0.165958983989183	0.151868293973703	555.128712871284	0.977339283224092	568
jim|12730.ff0e9f.mat_peptide.5	0.175607465413169	0.165958983989183	0.151868293973703	555.128712871284	0.977339283224092	568
jim|12730.13e659.mat_peptide.5	0.175607465413169	0.165958983989183	0.151868293973703	555.128712871284	0.977339283224092	568
jim|2806895.20d9b1.mat_peptide.5	0.111604202267163	0.0815853998928675	0.151868293973703	550.762376237621	0.969652070840882	568
jim|12730.5e50e8.mat_peptide.5	0.175607465413169	0.165958983989183	0.151868293973703	555.128712871284	0.977339283224092	568
jim|11191.533279.mat_peptide.5	0.111604202267163	0.0815853998928675	0.151868293973703	550.762376237621	0.969652070840882	568
jim|11191.8d14bf.mat_peptide.5	0.111604202267163	0.0815853998928675	0.151868293973703	550.762376237621	0.969652070840882	568
jim|12730.689083.mat_peptide.5	1.98560325097737	0.252395858075125	2.06226470610633	407.689768976896	0.980023483117538	416
jim|12730.bddec0.mat_peptide.5	0.175607465413169	0.165958983989183	0.151868293973703	555.128712871284	0.977339283224092	568
jim|12730.da3e02.mat_peptide.5	0.175607465413169	0.165958983989183	0.151868293973703	555.128712871284	0.977339283224092	568
jim|12730.5cab2b.mat_peptide.5	0.175607465413169	0.165958983989183	0.151868293973703	555.128712871284	0.977339283224092	568
jim|12730.c0443b.mat_peptide.5	0.175607465413169	0.165958983989183	0.151868293973703	555.128712871284	0.977339283224092	568
jim|1357321.b3cd02.mat_peptide.5	0.163513122415061	0.209308707945023	0.239268280818967	554.303630363033	0.965685767182985	574
jim|12730.4e4a2b.mat_peptide.5	0.175607465413169	0.165958983989183	0.151868293973703	555.128712871284	0.977339283224092	568
jim|11191.f9d730.mat_peptide.7	0.111604202267163	0.0815853998928675	0.151868293973703	550.762376237621	0.969652070840882	568
jim|12730.837cf2.mat_peptide.5	0.175607465413169	0.165958983989183	0.151868293973703	555.128712871284	0.977339283224092	568
jim|11191.349160.mat_peptide.5	0.111604202267163	0.0815853998928675	0.151868293973703	550.762376237621	0.969652070840882	568
jim|11191.02fa68.mat_peptide.5	0.111604202267163	0.0815853998928675	0.151868293973703	550.762376237621	0.969652070840882	568
jim|1357321.dae6a6.mat_peptide.4	0.163513122415061	0.209308707945023	0.239268280818967	554.303630363033	0.965685767182985	574
jim|11191.27ca4e.mat_peptide.5	0.111604202267163	0.0815853998928675	0.151868293973703	550.762376237621	0.969652070840882	568
jim|12730.a4b683.mat_peptide.5	0.175607465413169	0.165958983989183	0.151868293973703	555.128712871284	0.977339283224092	568
jim|1357321.d8ea47.mat_peptide.5	0.163513122415061	0.209308707945023	0.239268280818967	554.303630363033	0.965685767182985	574
jim|11191.ec81c8.mat_peptide.5	0.111604202267163	0.0815853998928675	0.151868293973703	550.762376237621	0.969652070840882	568
jim|2944258.80bf5b.mat_peptide.5	0.106234313976006	0.428529316651981	0.239268280818967	550.396039603958	0.95887811777693	574
jim|12730.7e2a26.mat_peptide.5	0.175607465413169	0.165958983989183	0.151868293973703	555.128712871284	0.977339283224092	568
jim|11191.7b6d9c.mat_peptide.3	0.111604202267163	0.0815853998928675	0.151868293973703	550.762376237621	0.969652070840882	568
jim|11191.2513a7.mat_peptide.3	0.111604202267163	0.0815853998928675	0.151868293973703	550.762376237621	0.969652070840882	568
jim|12730.fdfe7d.mat_peptide.5	0.175607465413169	0.165958983989183	0.151868293973703	555.128712871284	0.977339283224092	568
jim|11191.8bf28a.mat_peptide.4	0.111604202267163	0.0815853998928675	0.151868293973703	550.762376237621	0.969652070840882	568
jim|12730.687f93.mat_peptide.5	0.175607465413169	0.165958983989183	0.151868293973703	555.128712871284	0.977339283224092	568
jim|11191.012ca9.mat_peptide.5	0.111604202267163	0.0815853998928675	0.151868293973703	550.762376237621	0.969652070840882	568
jim|12730.c6f93e.mat_peptide.5	0.175607465413169	0.165958983989183	0.151868293973703	555.128712871284	0.977339283224092	568
jim|12730.a58e54.mat_peptide.5	0.175607465413169	0.165958983989183	0.151868293973703	555.128712871284	0.977339283224092	568
jim|12730.5300ff.mat_peptide.5	0.175607465413169	0.165958983989183	0.151868293973703	555.128712871284	0.977339283224092	568
jim|12730.a9b1aa.mat_peptide.5	0.175607465413169	0.165958983989183	0.151868293973703	555.128712871284	0.977339283224092	568
jim|12730.49ad40.mat_peptide.5	0.175607465413169	0.165958983989183	0.151868293973703	555.128712871284	0.977339283224092	568
jim|12730.ff7f81.mat_peptide.5	0.175607465413169	0.165958983989183	0.151868293973703	555.128712871284	0.977339283224092	568
jim|12730.bb5580.mat_peptide.5	0.175607465413169	0.165958983989183	0.151868293973703	555.128712871284	0.977339283224092	568
jim|12730.7afcc1.mat_peptide.5	0.175607465413169	0.165958983989183	0.151868293973703	555.128712871284	0.977339283224092	568
jim|11191.01ca0d.mat_peptide.5	0.111604202267163	0.0815853998928675	0.151868293973703	550.762376237621	0.969652070840882	568
jim|12730.38a1d2.mat_peptide.4	0.175607465413169	0.165958983989183	0.151868293973703	555.128712871284	0.977339283224092	568
jim|12730.039a1f.mat_peptide.5	0.175607465413169	0.165958983989183	0.151868293973703	555.128712871284	0.977339283224092	568
jim|12730.0fd2ec.mat_peptide.5	0.175607465413169	0.165958983989183	0.151868293973703	555.128712871284	0.977339283224092	568
jim|12730.8774f8.mat_peptide.5	0.175607465413169	0.165958983989183	0.151868293973703	555.128712871284	0.977339283224092	568
jim|2806895.74d59b.mat_peptide.5	0.111604202267163	0.0815853998928675	0.151868293973703	550.762376237621	0.969652070840882	568
jim|12730.19c6e0.mat_peptide.5	0.175607465413169	0.165958983989183	0.151868293973703	555.128712871284	0.977339283224092	568
jim|12730.be8af9.mat_peptide.5	0.175607465413169	0.165958983989183	0.151868293973703	555.128712871284	0.977339283224092	568
jim|12730.2c6c9f.mat_peptide.5	0.175607465413169	0.165958983989183	0.151868293973703	555.128712871284	0.977339283224092	568
jim|2806895.9e2f23.mat_peptide.5	0.111604202267163	0.0815853998928675	0.151868293973703	550.762376237621	0.969652070840882	568
jim|12730.7e544d.mat_peptide.5	0.175607465413169	0.165958983989183	0.151868293973703	555.128712871284	0.977339283224092	568
jim|12730.73ecbd.mat_peptide.5	0.175607465413169	0.165958983989183	0.151868293973703	555.128712871284	0.977339283224092	568
jim|12730.773430.mat_peptide.5	0.175607465413169	0.165958983989183	0.151868293973703	555.128712871284	0.977339283224092	568
jim|11191.5f7922.mat_peptide.5	0.111604202267163	0.0815853998928675	0.151868293973703	550.762376237621	0.969652070840882	568
jim|12730.1f0567.mat_peptide.5	0.175607465413169	0.165958983989183	0.151868293973703	555.128712871284	0.977339283224092	568
jim|11191.d4ef59.mat_peptide.5	0.111604202267163	0.0815853998928675	0.151868293973703	550.762376237621	0.969652070840882	568
jim|12730.af42b0.mat_peptide.5	0.175607465413169	0.165958983989183	0.151868293973703	555.128712871284	0.977339283224092	568
jim|12730.cb08c4.mat_peptide.5	0.175607465413169	0.165958983989183	0.151868293973703	555.128712871284	0.977339283224092	568
jim|12730.c55f6d.mat_peptide.5	0.175607465413169	0.165958983989183	0.151868293973703	555.128712871284	0.977339283224092	568
jim|12730.bc32ee.mat_peptide.5	0.175607465413169	0.165958983989183	0.151868293973703	555.128712871284	0.977339283224092	568
jim|12730.a5d50d.mat_peptide.5	0.175607465413169	0.165958983989183	0.151868293973703	555.128712871284	0.977339283224092	568
jim|12730.b7dcea.mat_peptide.5	0.175607465413169	0.165958983989183	0.151868293973703	555.128712871284	0.977339283224092	568
jim|12730.c7d566.mat_peptide.4	0.175607465413169	0.165958983989183	0.151868293973703	555.128712871284	0.977339283224092	568
jim|12730.5a3ecf.mat_peptide.5	0.175607465413169	0.165958983989183	0.151868293973703	555.128712871284	0.977339283224092	568
jim|12730.a9fda5.mat_peptide.5	0.175607465413169	0.165958983989183	0.151868293973703	555.128712871284	0.977339283224092	568
jim|12730.d83e22.mat_peptide.5	0.175607465413169	0.165958983989183	0.151868293973703	555.128712871284	0.977339283224092	568
jim|12730.b6fdea.mat_peptide.5	0.175607465413169	0.165958983989183	0.151868293973703	555.128712871284	0.977339283224092	568
jim|12730.9bc966.mat_peptide.5	0.175607465413169	0.165958983989183	0.151868293973703	555.128712871284	0.977339283224092	568
jim|12730.2212b6.mat_peptide.5	0.175607465413169	0.165958983989183	0.151868293973703	555.128712871284	0.977339283224092	568
jim|12730.5157f7.mat_peptide.5	0.175607465413169	0.165958983989183	0.151868293973703	555.128712871284	0.977339283224092	568
jim|1357321.5a99d3.mat_peptide.5	0.163513122415061	0.209308707945023	0.239268280818967	554.303630363033	0.965685767182985	574
jim|12730.718dcd.mat_peptide.4	0.175607465413169	0.165958983989183	0.151868293973703	555.128712871284	0.977339283224092	568
jim|12730.5c5bb3.mat_peptide.5	0.175607465413169	0.165958983989183	0.151868293973703	555.128712871284	0.977339283224092	568
jim|12730.23d82e.mat_peptide.5	0.175607465413169	0.165958983989183	0.151868293973703	555.128712871284	0.977339283224092	568
jim|12730.11be4d.mat_peptide.5	0.175607465413169	0.165958983989183	0.151868293973703	555.128712871284	0.977339283224092	568
jim|12730.f9f156.mat_peptide.5	0.175607465413169	0.165958983989183	0.151868293973703	555.128712871284	0.977339283224092	568
jim|2937033.fc26a3.mat_peptide.5	0.111604202267163	0.0815853998928675	0.151868293973703	550.762376237621	0.969652070840882	568
jim|11191.a36005.mat_peptide.5	0.111604202267163	0.0815853998928675	0.151868293973703	550.762376237621	0.969652070840882	568
jim|1357321.2249dd.mat_peptide.4	0.163513122415061	0.209308707945023	0.239268280818967	554.303630363033	0.965685767182985	574
jim|12730.ad8e23.mat_peptide.5	0.175607465413169	0.165958983989183	0.151868293973703	555.128712871284	0.977339283224092	568
jim|12730.4e2df5.mat_peptide.5	0.175607465413169	0.165958983989183	0.151868293973703	555.128712871284	0.977339283224092	568
jim|12730.6ebdb7.mat_peptide.5	0.175607465413169	0.165958983989183	0.151868293973703	555.128712871284	0.977339283224092	568
jim|12730.9cc6f0.mat_peptide.5	0.175607465413169	0.165958983989183	0.151868293973703	555.128712871284	0.977339283224092	568
jim|12730.804c80.mat_peptide.5	0.175607465413169	0.165958983989183	0.151868293973703	555.128712871284	0.977339283224092	568
jim|12730.91744b.mat_peptide.5	0.175607465413169	0.165958983989183	0.151868293973703	555.128712871284	0.977339283224092	568
jim|12730.012e53.mat_peptide.5	0.175607465413169	0.165958983989183	0.151868293973703	555.128712871284	0.977339283224092	568
jim|12730.908cca.mat_peptide.5	0.175607465413169	0.165958983989183	0.151868293973703	555.128712871284	0.977339283224092	568
jim|12730.172939.mat_peptide.5	0.175607465413169	0.165958983989183	0.151868293973703	555.128712871284	0.977339283224092	568
jim|12730.022154.mat_peptide.5	0.175607465413169	0.165958983989183	0.151868293973703	555.128712871284	0.977339283224092	568
jim|12730.5277ee.mat_peptide.5	0.175607465413169	0.165958983989183	0.151868293973703	555.128712871284	0.977339283224092	568
jim|12730.30d44f.mat_peptide.4	0.175607465413169	0.165958983989183	0.151868293973703	555.128712871284	0.977339283224092	568
jim|1357321.fae46a.mat_peptide.5	0.163513122415061	0.209308707945023	0.239268280818967	554.303630363033	0.965685767182985	574
jim|12730.f607a0.mat_peptide.5	0.175607465413169	0.165958983989183	0.151868293973703	555.128712871284	0.977339283224092	568
jim|12730.123448.mat_peptide.5	0.175607465413169	0.165958983989183	0.151868293973703	555.128712871284	0.977339283224092	568
jim|1357321.39b21c.mat_peptide.5	0.163513122415061	0.209308707945023	0.239268280818967	554.303630363033	0.965685767182985	574
jim|12730.3274bb.mat_peptide.5	0.175607465413169	0.165958983989183	0.151868293973703	555.128712871284	0.977339283224092	568
jim|12730.47673d.mat_peptide.4	7.93244008052081	0.789404098951559	8.09286379842959	1.99339933993399	0.996699669966997	2
jim|1357321.91be67.mat_peptide.5	0.163513122415061	0.209308707945023	0.239268280818967	554.303630363033	0.965685767182985	574
jim|12730.5fabac.mat_peptide.5	0.175607465413169	0.165958983989183	0.151868293973703	555.128712871284	0.977339283224092	568
jim|12730.ae9fa1.mat_peptide.5	0.175607465413169	0.165958983989183	0.151868293973703	555.128712871284	0.977339283224092	568
jim|11191.04c76e.mat_peptide.5	0.111604202267163	0.0815853998928675	0.151868293973703	550.762376237621	0.969652070840882	568
jim|12730.ee88b1.mat_peptide.5	0.175607465413169	0.165958983989183	0.151868293973703	555.128712871284	0.977339283224092	568
jim|1357321.28b125.mat_peptide.5	0.163513122415061	0.209308707945023	0.239268280818967	554.303630363033	0.965685767182985	574
jim|12730.6709f2.mat_peptide.5	0.175607465413169	0.165958983989183	0.151868293973703	555.128712871284	0.977339283224092	568
jim|12730.04e234.mat_peptide.5	0.175607465413169	0.165958983989183	0.151868293973703	555.128712871284	0.977339283224092	568
jim|2937030.26c8b6.mat_peptide.5	0.111604202267163	0.0815853998928675	0.151868293973703	550.762376237621	0.969652070840882	568
jim|12730.6df060.mat_peptide.5	0.175607465413169	0.165958983989183	0.151868293973703	555.128712871284	0.977339283224092	568
jim|11191.c025dc.mat_peptide.5	0.111604202267163	0.0815853998928675	0.151868293973703	550.762376237621	0.969652070840882	568
jim|12730.387b33.mat_peptide.5	0.175607465413169	0.165958983989183	0.151868293973703	555.128712871284	0.977339283224092	568
jim|12730.99b639.mat_peptide.5	0.175607465413169	0.165958983989183	0.151868293973703	555.128712871284	0.977339283224092	568
jim|11191.8c10a7.mat_peptide.5	0.111604202267163	0.0815853998928675	0.151868293973703	550.762376237621	0.969652070840882	568
jim|12730.203694.mat_peptide.5	0.175607465413169	0.165958983989183	0.151868293973703	555.128712871284	0.977339283224092	568
jim|12730.d69652.mat_peptide.5	0.175607465413169	0.165958983989183	0.151868293973703	555.128712871284	0.977339283224092	568
jim|12730.0a8836.mat_peptide.5	0.175607465413169	0.165958983989183	0.151868293973703	555.128712871284	0.977339283224092	568
jim|11191.0ff7b6.mat_peptide.5	0.111604202267163	0.0815853998928675	0.151868293973703	550.762376237621	0.969652070840882	568
jim|11191.39bfb0.mat_peptide.5	0.111604202267163	0.0815853998928675	0.151868293973703	550.762376237621	0.969652070840882	568
jim|12730.f8e341.mat_peptide.8	7.26212321419348	12.0967498828753	6.95666396944115	47.7227722772277	0.596534653465346	80
jim|12730.584e3e.mat_peptide.5	0.175607465413169	0.165958983989183	0.151868293973703	555.128712871284	0.977339283224092	568
jim|11191.383b19.mat_peptide.5	0.111604202267163	0.0815853998928675	0.151868293973703	550.762376237621	0.969652070840882	568
jim|11191.6884ca.mat_peptide.7	0.111604202267163	0.0815853998928675	0.151868293973703	550.762376237621	0.969652070840882	568
jim|12730.5e7d4a.mat_peptide.5	0.175607465413169	0.165958983989183	0.151868293973703	555.128712871284	0.977339283224092	568
jim|12730.43d6b7.mat_peptide.5	0.175607465413169	0.165958983989183	0.151868293973703	555.128712871284	0.977339283224092	568
jim|12730.1a073d.mat_peptide.5	0.175607465413169	0.165958983989183	0.151868293973703	555.128712871284	0.977339283224092	568
jim|3049952.638662.mat_peptide.5	0.175607465413169	0.165958983989183	0.151868293973703	555.128712871284	0.977339283224092	568
jim|12730.687047.mat_peptide.5	0.175607465413169	0.165958983989183	0.151868293973703	555.128712871284	0.977339283224092	568
jim|3052731.07b550.mat_peptide.5	0.111604202267163	0.0815853998928675	0.151868293973703	550.762376237621	0.969652070840882	568
jim|12730.b64e26.mat_peptide.5	0.175607465413169	0.165958983989183	0.151868293973703	555.128712871284	0.977339283224092	568
jim|12730.7bfc08.mat_peptide.5	0.175607465413169	0.165958983989183	0.151868293973703	555.128712871284	0.977339283224092	568
jim|12730.df0f33.mat_peptide.5	0.175607465413169	0.165958983989183	0.151868293973703	555.128712871284	0.977339283224092	568
jim|12730.81d703.mat_peptide.5	0.175607465413169	0.165958983989183	0.151868293973703	555.128712871284	0.977339283224092	568
jim|12730.a88205.mat_peptide.5	0.175607465413169	0.165958983989183	0.151868293973703	555.128712871284	0.977339283224092	568
jim|12730.44cf31.mat_peptide.5	0.175607465413169	0.165958983989183	0.151868293973703	555.128712871284	0.977339283224092	568
jim|12730.6324be.mat_peptide.5	0.175607465413169	0.165958983989183	0.151868293973703	555.128712871284	0.977339283224092	568
jim|12730.52e01d.mat_peptide.5	0.175607465413169	0.165958983989183	0.151868293973703	555.128712871284	0.977339283224092	568
jim|12730.a754f0.mat_peptide.5	0.175607465413169	0.165958983989183	0.151868293973703	555.128712871284	0.977339283224092	568
jim|12730.617160.mat_peptide.5	0.175607465413169	0.165958983989183	0.151868293973703	555.128712871284	0.977339283224092	568
jim|12730.fd450b.mat_peptide.5	0.175607465413169	0.165958983989183	0.151868293973703	555.128712871284	0.977339283224092	568
jim|11191.51cf5b.mat_peptide.5	0.111604202267163	0.0815853998928675	0.151868293973703	550.762376237621	0.969652070840882	568
jim|12730.78fa39.mat_peptide.5	0.175607465413169	0.165958983989183	0.151868293973703	555.128712871284	0.977339283224092	568
jim|3052733.5fecc4.mat_peptide.4	0.163513122415061	0.209308707945023	0.239268280818967	554.303630363033	0.965685767182985	574
jim|12730.8a811c.mat_peptide.5	0.175607465413169	0.165958983989183	0.151868293973703	555.128712871284	0.977339283224092	568
jim|12730.d6a40e.mat_peptide.5	0.175607465413169	0.165958983989183	0.151868293973703	555.128712871284	0.977339283224092	568
jim|12730.1e3e0d.mat_peptide.5	0.175607465413169	0.165958983989183	0.151868293973703	555.128712871284	0.977339283224092	568
jim|12730.d1700d.mat_peptide.4	5.14004979174482	0.158751987181943	5.25236422595849	192.491749174917	0.977115478045265	197
jim|3049952.b19560.mat_peptide.5	0.175607465413169	0.165958983989183	0.151868293973703	555.128712871284	0.977339283224092	568
jim|1357321.d3996a.mat_peptide.5	0.163513122415061	0.209308707945023	0.239268280818967	554.303630363033	0.965685767182985	574
jim|11191.603e6d.mat_peptide.5	0.111604202267163	0.0815853998928675	0.151868293973703	550.762376237621	0.969652070840882	568
jim|12730.573b5a.mat_peptide.4	0.175607465413169	0.165958983989183	0.151868293973703	555.128712871284	0.977339283224092	568
jim|12730.1ab8db.mat_peptide.5	0.175607465413169	0.165958983989183	0.151868293973703	555.128712871284	0.977339283224092	568
jim|12730.642039.mat_peptide.5	0.175607465413169	0.165958983989183	0.151868293973703	555.128712871284	0.977339283224092	568
jim|12730.8b11fc.mat_peptide.4	0.175607465413169	0.165958983989183	0.151868293973703	555.128712871284	0.977339283224092	568
jim|2937031.ae4cdd.mat_peptide.5	0.111604202267163	0.0815853998928675	0.151868293973703	550.762376237621	0.969652070840882	568
jim|12730.77a3da.mat_peptide.4	0.175607465413169	0.165958983989183	0.151868293973703	555.128712871284	0.977339283224092	568
jim|12730.6f8d1f.mat_peptide.5	0.175607465413169	0.165958983989183	0.151868293973703	555.128712871284	0.977339283224092	568
jim|11191.d442f9.mat_peptide.5	0.111604202267163	0.0815853998928675	0.151868293973703	550.762376237621	0.969652070840882	568
jim|12730.1ff928.mat_peptide.5	0.175607465413169	0.165958983989183	0.151868293973703	555.128712871284	0.977339283224092	568
jim|12730.43d13e.mat_peptide.5	0.175607465413169	0.165958983989183	0.151868293973703	555.128712871284	0.977339283224092	568
jim|12730.8bbc5b.mat_peptide.5	0.175607465413169	0.165958983989183	0.151868293973703	555.128712871284	0.977339283224092	568
jim|1357321.4e24c5.mat_peptide.5	0.163513122415061	0.209308707945023	0.239268280818967	554.303630363033	0.965685767182985	574
jim|12730.d09ce6.mat_peptide.4	0.175607465413169	0.165958983989183	0.151868293973703	555.128712871284	0.977339283224092	568
jim|12730.23519b.mat_peptide.4	0.175607465413169	0.165958983989183	0.151868293973703	555.128712871284	0.977339283224092	568
jim|11191.bf8aa0.mat_peptide.5	0.111604202267163	0.0815853998928675	0.151868293973703	550.762376237621	0.969652070840882	568
jim|12730.7a3484.mat_peptide.5	0.175607465413169	0.165958983989183	0.151868293973703	555.128712871284	0.977339283224092	568
jim|12730.7829e0.mat_peptide.5	4.04938194017512	0.291618769271406	4.15986439039268	266.897689768976	0.981241506503588	272
jim|12730.c9b91f.mat_peptide.5	0.175607465413169	0.165958983989183	0.151868293973703	555.128712871284	0.977339283224092	568
jim|1357321.e1fcc9.mat_peptide.4	0.163513122415061	0.209308707945023	0.239268280818967	554.303630363033	0.965685767182985	574
jim|12730.8ce27c.mat_peptide.5	0.175607465413169	0.165958983989183	0.151868293973703	555.128712871284	0.977339283224092	568
jim|12730.9604ea.mat_peptide.5	0.175607465413169	0.165958983989183	0.151868293973703	555.128712871284	0.977339283224092	568
jim|12730.77fd7f.mat_peptide.5	0.175607465413169	0.165958983989183	0.151868293973703	555.128712871284	0.977339283224092	568
jim|12730.dbf5eb.mat_peptide.5	0.175607465413169	0.165958983989183	0.151868293973703	555.128712871284	0.977339283224092	568
