jim|2686070.0f4a74.mat_peptide.4	0.535943154419042	0.530945448178882	0.262370159308123	279.363636363637	0.89253557943654	313
jim|2560313.17f2c2.mat_peptide.4	0.168724792873045	2.79977927502872	1.40029273065748	245.467532467533	0.649385006527865	378
jim|341053.fb372e.mat_peptide.5	0.535943154419042	0.530945448178882	0.262370159308123	279.363636363637	0.89253557943654	313
jim|1554501.184d08.mat_peptide.4	1.68092600849869	0.481665253379744	1.52329295265548	172.727272727273	0.818612666953902	211
jim|3049974.3cc229.mat_peptide.5	0.490315229862583	0.55227935527745	0.209850656015076	277.168831168832	0.894093003770425	310
jim|162013.038d76.mat_peptide.4	1.68092600849869	0.481665253379744	1.52329295265548	172.727272727273	0.818612666953902	211
jim|2940990.d20cfc.mat_peptide.5	0.465206371970563	0.0995733648578853	0.489954673577995	275.961038961039	0.846506254481716	326
jim|3028505.873c4f.mat_peptide.4	0.539722982488808	0.0510402389972928	0.489954673577995	279.545454545455	0.857501394311212	326
jim|2560345.46113b.mat_peptide.5	0.535943154419042	0.530945448178882	0.262370159308123	279.363636363637	0.89253557943654	313
jim|3052263.edbeea.mat_peptide.5	0.501924701791149	0.576955623379854	0.209850656015076	277.727272727273	0.895894428152495	310
jim|341053.15c615.mat_peptide.5	0.535943154419042	0.530945448178882	0.262370159308123	279.363636363637	0.89253557943654	313
jim|152219.8f2266.mat_peptide.4	2.58889470840033	0.216098344840328	2.52116351522338	129.051948051948	0.837999662674989	154
jim|3052263.de6e01.mat_peptide.5	0.501924701791149	0.576955623379854	0.209850656015076	277.727272727273	0.895894428152495	310
jim|3028505.1346cf.mat_peptide.4	0.539722982488808	0.0510402389972928	0.489954673577995	279.545454545455	0.857501394311212	326
jim|2116560.38e11f.mat_peptide.5	0.17172972112516	0.0497515299669694	0.174837653819711	261.844155844156	0.850143363130377	308
jim|341053.8b060d.mat_peptide.5	0.535943154419042	0.530945448178882	0.262370159308123	279.363636363637	0.89253557943654	313
jim|2928990.03b609.mat_peptide.5	0.539722982488808	0.0510402389972928	0.489954673577995	279.545454545455	0.857501394311212	326
jim|341053.d2ec7d.mat_peptide.5	0.535943154419042	0.530945448178882	0.262370159308123	279.363636363637	0.89253557943654	313
jim|2560319.85b4b3.mat_peptide.7	3.82381853633673	0.200357192930891	3.76412509315883	69.6493506493507	0.839148803004225	83
jim|2560319.e0cba1.mat_peptide.7	2.01409085407665	0.296578459953041	2.08350098778132	156.701298701299	0.875426249727925	179
jim|2560319.29d391.mat_peptide.4	0.156575345505933	2.96340050661555	1.54034473943894	246.051948051949	0.637440279927328	386
jim|1497434.506d00.mat_peptide.5	0.535943154419042	0.530945448178882	0.262370159308123	279.363636363637	0.89253557943654	313
jim|341053.4a2532.mat_peptide.5	0.535943154419042	0.530945448178882	0.262370159308123	279.363636363637	0.89253557943654	313
jim|3052263.e7cc89.mat_peptide.5	0.501924701791149	0.576955623379854	0.209850656015076	277.727272727273	0.895894428152495	310
jim|322067.1f270c.mat_peptide.5	0.490315229862583	0.55227935527745	0.209850656015076	277.168831168832	0.894093003770425	310
jim|341053.bb685a.mat_peptide.5	0.535943154419042	0.530945448178882	0.262370159308123	279.363636363637	0.89253557943654	313
jim|2877503.5bd258.mat_peptide.5	0.501924701791149	0.576955623379854	0.209850656015076	277.727272727273	0.895894428152495	310
jim|341053.187323.mat_peptide.5	0.535943154419042	0.530945448178882	0.262370159308123	279.363636363637	0.89253557943654	313
jim|3052263.2df472.mat_peptide.5	0.535943154419042	0.530945448178882	0.262370159308123	279.363636363637	0.89253557943654	313
jim|322067.5099fc.mat_peptide.5	0.490315229862583	0.55227935527745	0.209850656015076	277.168831168832	0.894093003770425	310
jim|341053.0a247a.mat_peptide.5	0.535943154419042	0.530945448178882	0.262370159308123	279.363636363637	0.89253557943654	313
jim|2116604.e1c773.mat_peptide.5	0.567801705292784	0.107793191174605	0.489954673577995	280.896103896105	0.861644490478848	326
jim|2686070.c0684a.mat_peptide.5	0.46412642109349	0.575781805129741	0.174837653819711	275.909090909092	0.89580873671783	308
jim|2877480.0918bc.mat_peptide.5	0.490315229862583	0.55227935527745	0.209850656015076	277.168831168832	0.894093003770425	310
jim|1117633.8c4b55.mat_peptide.5	0.501924701791149	0.576955623379854	0.209850656015076	277.727272727273	0.895894428152495	310
jim|3052263.6ebd3c.mat_peptide.5	0.535943154419042	0.530945448178882	0.262370159308123	279.363636363637	0.89253557943654	313
jim|2686070.be51a3.mat_peptide.4	0.535943154419042	0.530945448178882	0.262370159308123	279.363636363637	0.89253557943654	313
jim|2928987.fda74e.mat_peptide.5	0.469526175478869	0.587333667273722	0.174837653819711	276.168831168832	0.896652049249454	308
jim|341053.977dfd.mat_peptide.5	0.535943154419042	0.530945448178882	0.262370159308123	279.363636363637	0.89253557943654	313
jim|3052263.7fc44c.mat_peptide.5	0.501924701791149	0.576955623379854	0.209850656015076	277.727272727273	0.895894428152495	310
jim|3028505.f35f7f.mat_peptide.5	0.467096286005447	0.0957534546151801	0.489954673577995	276.051948051949	0.846785116723769	326
jim|2877479.e889be.mat_peptide.4	0.535943154419042	0.530945448178882	0.262370159308123	279.363636363637	0.89253557943654	313
jim|2560313.ee0b6c.mat_peptide.4	0.168724792873045	2.79977927502872	1.40029273065748	245.467532467533	0.649385006527865	378
jim|1497434.b1d1a4.mat_peptide.5	0.535943154419042	0.530945448178882	0.262370159308123	279.363636363637	0.89253557943654	313
jim|2116604.32e5a0.mat_peptide.5	0.567801705292784	0.107793191174605	0.489954673577995	280.896103896105	0.861644490478848	326
jim|3028505.0dddd2.mat_peptide.5	0.467096286005447	0.0957534546151801	0.489954673577995	276.051948051949	0.846785116723769	326
jim|2877480.f734b8.mat_peptide.5	0.490315229862583	0.55227935527745	0.209850656015076	277.168831168832	0.894093003770425	310
jim|2686070.bfba53.mat_peptide.4	0.535943154419042	0.530945448178882	0.262370159308123	279.363636363637	0.89253557943654	313
jim|2877482.f8493d.mat_peptide.5	0.535943154419042	0.530945448178882	0.262370159308123	279.363636363637	0.89253557943654	313
jim|1117633.cf9b16.mat_peptide.5	0.501924701791149	0.576955623379854	0.209850656015076	277.727272727273	0.895894428152495	310
jim|2809562.8695f8.mat_peptide.4	0.168994780592316	2.75293642851926	1.36527972846212	245.454545454546	0.652804642166345	376
jim|341053.36ab14.mat_peptide.5	0.535943154419042	0.530945448178882	0.262370159308123	279.363636363637	0.89253557943654	313
jim|3049972.9d9337.mat_peptide.4	0.535943154419042	0.530945448178882	0.262370159308123	279.363636363637	0.89253557943654	313
jim|3049972.d2b950.mat_peptide.4	0.535943154419042	0.530945448178882	0.262370159308123	279.363636363637	0.89253557943654	313
jim|341053.3c2006.mat_peptide.5	0.535943154419042	0.530945448178882	0.262370159308123	279.363636363637	0.89253557943654	313
jim|2877484.5e8166.mat_peptide.4	0.535943154419042	0.530945448178882	0.262370159308123	279.363636363637	0.89253557943654	313
jim|2116604.cb6442.mat_peptide.5	0.567801705292784	0.107793191174605	0.489954673577995	280.896103896105	0.861644490478848	326
jim|341053.edb0f7.mat_peptide.5	0.535943154419042	0.530945448178882	0.262370159308123	279.363636363637	0.89253557943654	313
jim|341053.c88ca5.mat_peptide.5	0.535943154419042	0.530945448178882	0.262370159308123	279.363636363637	0.89253557943654	313
jim|1554501.ae9597.mat_peptide.4	1.68092600849869	0.481665253379744	1.52329295265548	172.727272727273	0.818612666953902	211
jim|341053.4f56a4.mat_peptide.5	0.535943154419042	0.530945448178882	0.262370159308123	279.363636363637	0.89253557943654	313
jim|2560313.2cb8d7.mat_peptide.7	1.49301455588748	1.85380081844409	0.788019906552822	181.766233766234	0.718443611724245	253
jim|63330.286a59.mat_peptide.8	0.0221214613099647	3.97406349855489	2.62574780749525	252.519480519482	0.563659554730986	448
jim|2560313.17ba22.mat_peptide.4	0.149825652524215	2.79039272381784	1.41779923175516	246.376623376624	0.650070246376316	379
jim|162013.33a34b.mat_peptide.3	1.68092600849869	0.481665253379744	1.52329295265548	172.727272727273	0.818612666953902	211
jim|3052263.3c338f.mat_peptide.5	0.535943154419042	0.530945448178882	0.262370159308123	279.363636363637	0.89253557943654	313
jim|2686070.0edab6.mat_peptide.4	0.535943154419042	0.530945448178882	0.262370159308123	279.363636363637	0.89253557943654	313
jim|341053.f4607a.mat_peptide.5	0.535943154419042	0.530945448178882	0.262370159308123	279.363636363637	0.89253557943654	313
jim|1554501.896238.mat_peptide.4	1.68092600849869	0.481665253379744	1.52329295265548	172.727272727273	0.818612666953902	211
jim|162013.f9ec3e.mat_peptide.3	1.68092600849869	0.481665253379744	1.52329295265548	172.727272727273	0.818612666953902	211
jim|2560319.1ad8ad.mat_peptide.3	1.68308591025286	1.27831496914687	1.24318893509256	172.623376623376	0.760455403627209	227
jim|2940987.f3427c.mat_peptide.5	0.274595042166648	0.0937598619327351	0.209850656015076	266.792207792208	0.860620025136155	310
jim|2560319.1600a1.mat_peptide.7	2.01409085407665	0.296578459953041	2.08350098778132	156.701298701299	0.875426249727925	179
jim|1554501.558844.mat_peptide.4	1.68092600849869	0.481665253379744	1.52329295265548	172.727272727273	0.818612666953902	211
jim|3049974.1f476f.mat_peptide.5	0.490315229862583	0.55227935527745	0.209850656015076	277.168831168832	0.894093003770425	310
jim|152219.b69706.mat_peptide.4	2.58889470840033	0.216098344840328	2.52116351522338	129.051948051948	0.837999662674989	154
jim|2116560.3dae6a.mat_peptide.5	0.17172972112516	0.0497515299669694	0.174837653819711	261.844155844156	0.850143363130377	308
