jim|11620.b2a704.CDS.7	0.628263155900934	0.428300320966353	0.464846133355612	94.8134206219313	0.957711319413447	99
jim|11620.c9e61c.CDS.7	0.628263155900934	0.428300320966353	0.464846133355612	94.8134206219313	0.957711319413447	99
jim|300180.bb959e.CDS.7	0.720677198701667	1.35948824996233	1.35102706153121	95.2242225859247	0.924507015397327	103
jim|1587503.ecccf6.CDS.8	1.09851716575415	0.992721268306856	1.52906095503948	87.1374795417349	0.968194217130388	90
jim|11620.b4b2a3.CDS.7	0.628263155900934	0.428300320966353	0.464846133355612	94.8134206219313	0.957711319413447	99
jim|11620.2c8222.CDS.8	0.628263155900934	0.428300320966353	0.464846133355612	94.8134206219313	0.957711319413447	99
jim|499556.5e28d2.CDS.7	0.714870023928013	2.32579248087611	0.243300901311713	88.8428805237316	0.9065600053442	98
jim|41118.cbcc19.CDS.6	0.797711297354962	0.459654144132675	0.642880026863883	88.4746317512275	0.941219486715186	94
jim|2929006.ab6aac.CDS.9	0.877607103282285	1.00088781479975	1.30751572299558	88.1194762684125	0.968345893059477	91
jim|11620.c6df68.CDS.7	0.628263155900934	0.428300320966353	0.464846133355612	94.8134206219313	0.957711319413447	99
jim|11620.e0b0ed.CDS.7	0.628263155900934	0.428300320966353	0.464846133355612	94.8134206219313	0.957711319413447	99
jim|45219.e4fc40.CDS.7	1.08820802950546	1.72496847429439	0.421334794819984	87.1833060556465	0.917719011112068	95
jim|11620.81e362.CDS.7	0.628263155900934	0.428300320966353	0.464846133355612	94.8134206219313	0.957711319413447	99
jim|45219.b48e72.CDS.1	1.08820802950546	1.72496847429439	0.421334794819984	87.1833060556465	0.917719011112068	95
jim|11620.0c23f3.CDS.7	0.628263155900934	0.428300320966353	0.464846133355612	94.8134206219313	0.957711319413447	99
jim|11620.847649.CDS.7	0.628263155900934	0.428300320966353	0.464846133355612	94.8134206219313	0.957711319413447	99
jim|11620.def074.CDS.9	0.628263155900934	0.428300320966353	0.464846133355612	94.8134206219313	0.957711319413447	99
jim|11620.4d14ed.CDS.9	0.628263155900934	0.428300320966353	0.464846133355612	94.8134206219313	0.957711319413447	99
jim|45219.778f44.CDS.7	1.08820802950546	1.72496847429439	0.421334794819984	87.1833060556465	0.917719011112068	95
jim|11620.c2a429.CDS.7	0.628263155900934	0.428300320966353	0.464846133355612	94.8134206219313	0.957711319413447	99
jim|11620.4c19a8.CDS.7	0.628263155900934	0.428300320966353	0.464846133355612	94.8134206219313	0.957711319413447	99
jim|11620.20f539.CDS.6	2.13274444155994	1.14701981926074	2.63678711525898	82.5400981996727	0.971059978819678	85
jim|11620.78a0dd.CDS.7	0.628263155900934	0.428300320966353	0.464846133355612	94.8134206219313	0.957711319413447	99
jim|11620.9b2376.CDS.7	0.628263155900934	0.428300320966353	0.464846133355612	94.8134206219313	0.957711319413447	99
jim|11620.a297e2.CDS.7	0.628263155900934	0.428300320966353	0.464846133355612	94.8134206219313	0.957711319413447	99
jim|11620.36c0d1.CDS.7	0.628263155900934	0.428300320966353	0.464846133355612	94.8134206219313	0.957711319413447	99
jim|300180.f4d140.CDS.7	0.720677198701667	1.35948824996233	1.35102706153121	95.2242225859247	0.924507015397327	103
jim|1642436.2e6b96.CDS.7	0.336745633663658	2.87958163530642	0.90793659744341	90.5237315875614	0.896274570173876	101
jim|1588685.d88950.CDS.7	0.877607103282285	1.00088781479975	1.30751572299558	88.1194762684125	0.968345893059477	91
jim|49891.a28221.CDS.1	1.00573493951597	1.51718788301752	0.421334794819984	87.5499181669395	0.921578085967784	95
jim|11620.bde96a.CDS.7	0.628263155900934	0.428300320966353	0.464846133355612	94.8134206219313	0.957711319413447	99
jim|11620.bdf936.CDS.7	0.405880359679254	0.411360916784462	0.243300901311713	93.8248772504092	0.957396706636828	98
jim|883876.3dd712.CDS.7	0.0653106800351258	0.420395618312789	0.243300901311713	92.3109656301146	0.94194862887872	98
jim|2169991.a3ab9e.CDS.9	1.29733622197883	1.73178726174559	0.642880026863883	86.253682487725	0.917592366890692	94
jim|49891.211a96.CDS.1	1.00573493951597	1.51718788301752	0.421334794819984	87.5499181669395	0.921578085967784	95
jim|466144.780b50.CDS.1	1.00573493951597	1.51718788301752	0.421334794819984	87.5499181669395	0.921578085967784	95
jim|11620.7ee7d9.CDS.7	0.628263155900934	0.428300320966353	0.464846133355612	94.8134206219313	0.957711319413447	99
jim|2169991.a389b1.CDS.1	1.29733622197883	1.73178726174559	0.642880026863883	86.253682487725	0.917592366890692	94
jim|11620.667d0d.CDS.7	0.628263155900934	0.428300320966353	0.464846133355612	94.8134206219313	0.957711319413447	99
jim|11620.5e772f.CDS.7	0.628263155900934	0.428300320966353	0.464846133355612	94.8134206219313	0.957711319413447	99
jim|11620.7af920.CDS.7	0.628263155900934	0.428300320966353	0.464846133355612	94.8134206219313	0.957711319413447	99
jim|11620.f1505a.CDS.7	0.628263155900934	0.428300320966353	0.464846133355612	94.8134206219313	0.957711319413447	99
jim|2201416.61af3d.CDS.9	0.877607103282285	1.00088781479975	1.30751572299558	88.1194762684125	0.968345893059477	91
jim|2169993.e71096.CDS.6	1.00573493951597	1.51718788301752	0.421334794819984	87.5499181669395	0.921578085967784	95
jim|11620.8aff3a.CDS.2	0.628263155900934	0.428300320966353	0.464846133355612	94.8134206219313	0.957711319413447	99
jim|11620.bc3c5b.CDS.6	0.628263155900934	0.428300320966353	0.464846133355612	94.8134206219313	0.957711319413447	99
jim|11620.76644e.CDS.7	5.99682961763033	0.617514881524781	6.40305606000526	65.3633387888707	0.961225570424569	68
jim|11620.9d517e.CDS.7	0.628263155900934	0.428300320966353	0.464846133355612	94.8134206219313	0.957711319413447	99
jim|11628.f9d8e4.CDS.1	1.29733622197883	1.73178726174559	0.642880026863883	86.253682487725	0.917592366890692	94
jim|3052307.2cc8eb.CDS.7	1.08820802950546	1.72496847429439	0.421334794819984	87.1833060556465	0.917719011112068	95
jim|11620.18a605.CDS.7	0.628263155900934	0.428300320966353	0.464846133355612	94.8134206219313	0.957711319413447	99
jim|11620.5f29ad.CDS.7	0.628263155900934	0.428300320966353	0.464846133355612	94.8134206219313	0.957711319413447	99
jim|11628.d6442c.CDS.7	1.29733622197883	1.73178726174559	0.642880026863883	86.253682487725	0.917592366890692	94
jim|11620.9dcbac.CDS.7	0.628263155900934	0.428300320966353	0.464846133355612	94.8134206219313	0.957711319413447	99
jim|300180.2a5006.CDS.7	0.720677198701667	1.35948824996233	1.35102706153121	95.2242225859247	0.924507015397327	103
jim|11620.41e253.CDS.7	0.628263155900934	0.428300320966353	0.464846133355612	94.8134206219313	0.957711319413447	99
jim|11620.4bb377.CDS.7	0.628263155900934	0.428300320966353	0.464846133355612	94.8134206219313	0.957711319413447	99
jim|11620.a9ab2f.CDS.7	0.628263155900934	0.428300320966353	0.464846133355612	94.8134206219313	0.957711319413447	99
jim|11620.9388ff.CDS.7	0.628263155900934	0.428300320966353	0.464846133355612	94.8134206219313	0.957711319413447	99
jim|2169991.8df682.CDS.7	1.29733622197883	1.73178726174559	0.642880026863883	86.253682487725	0.917592366890692	94
jim|11620.9f46f5.CDS.7	0.628263155900934	0.428300320966353	0.464846133355612	94.8134206219313	0.957711319413447	99
jim|45219.d9b51b.CDS.7	1.08820802950546	1.72496847429439	0.421334794819984	87.1833060556465	0.917719011112068	95
jim|11620.eaf574.CDS.7	0.628263155900934	0.428300320966353	0.464846133355612	94.8134206219313	0.957711319413447	99
jim|11620.8e06da.CDS.7	0.628263155900934	0.428300320966353	0.464846133355612	94.8134206219313	0.957711319413447	99
jim|11620.482f19.CDS.7	0.628263155900934	0.428300320966353	0.464846133355612	94.8134206219313	0.957711319413447	99
jim|11620.2a5cef.CDS.7	0.628263155900934	0.428300320966353	0.464846133355612	94.8134206219313	0.957711319413447	99
jim|11620.03690d.CDS.7	0.628263155900934	0.428300320966353	0.464846133355612	94.8134206219313	0.957711319413447	99
jim|11620.8ac8f1.CDS.7	0.628263155900934	0.428300320966353	0.464846133355612	94.8134206219313	0.957711319413447	99
jim|11620.d29a04.CDS.7	0.628263155900934	0.428300320966353	0.464846133355612	94.8134206219313	0.957711319413447	99
jim|11620.67f7a2.CDS.7	0.628263155900934	0.428300320966353	0.464846133355612	94.8134206219313	0.957711319413447	99
jim|11620.11e1db.CDS.7	0.905220861091273	1.50676179360118	1.52906095503948	87.9967266775777	0.977741407528642	90
jim|45223.1a1f80.CDS.1	1.00573493951597	1.51718788301752	0.421334794819984	87.5499181669395	0.921578085967784	95
jim|11623.4fda6e.CDS.5	1.28076796729344	0.508054487315054	1.52906095503948	86.3273322422259	0.959192580469176	90
jim|11620.992ba0.CDS.9	0.628263155900934	0.428300320966353	0.464846133355612	94.8134206219313	0.957711319413447	99
jim|11620.9959b1.CDS.7	0.628263155900934	0.428300320966353	0.464846133355612	94.8134206219313	0.957711319413447	99
jim|11620.502d42.CDS.7	0.628263155900934	0.428300320966353	0.464846133355612	94.8134206219313	0.957711319413447	99
jim|300180.3ac507.CDS.7	0.720677198701667	1.35948824996233	1.35102706153121	95.2242225859247	0.924507015397327	103
jim|466144.86d533.CDS.1	1.00573493951597	1.51718788301752	0.421334794819984	87.5499181669395	0.921578085967784	95
jim|11620.a8b935.CDS.7	0.628263155900934	0.428300320966353	0.464846133355612	94.8134206219313	0.957711319413447	99
jim|11620.94ed6f.CDS.7	0.628263155900934	0.428300320966353	0.464846133355612	94.8134206219313	0.957711319413447	99
jim|11620.e1c2b6.CDS.9	0.628263155900934	0.428300320966353	0.464846133355612	94.8134206219313	0.957711319413447	99
jim|11620.d42778.CDS.7	0.628263155900934	0.428300320966353	0.464846133355612	94.8134206219313	0.957711319413447	99
jim|11620.11eb7b.CDS.7	0.628263155900934	0.428300320966353	0.464846133355612	94.8134206219313	0.957711319413447	99
jim|11620.cefb39.CDS.9	0.628263155900934	0.428300320966353	0.464846133355612	94.8134206219313	0.957711319413447	99
jim|11620.390799.CDS.7	0.628263155900934	0.428300320966353	0.464846133355612	94.8134206219313	0.957711319413447	99
jim|11620.2a3045.CDS.7	0.628263155900934	0.428300320966353	0.464846133355612	94.8134206219313	0.957711319413447	99
jim|11620.84cee8.CDS.7	0.628263155900934	0.428300320966353	0.464846133355612	94.8134206219313	0.957711319413447	99
jim|2994979.56e55b.CDS.7	1.08820802950546	1.72496847429439	0.421334794819984	87.1833060556465	0.917719011112068	95
jim|11620.4c1aca.CDS.7	0.686436139018528	0.0518802382967079	0.686391365399511	95.0720130932897	0.950720130932897	100
jim|11620.8863d4.CDS.7	0.628263155900934	0.428300320966353	0.464846133355612	94.8134206219313	0.957711319413447	99
jim|11620.abfbda.CDS.7	0.628263155900934	0.428300320966353	0.464846133355612	94.8134206219313	0.957711319413447	99
jim|11628.2ba614.CDS.7	1.29733622197883	1.73178726174559	0.642880026863883	86.253682487725	0.917592366890692	94
jim|11620.0a6318.CDS.7	4.3944952978344	2.32616854562418	5.29532989978576	72.4860883797054	0.992960114790485	73
jim|11620.2c5406.CDS.7	0.628263155900934	0.428300320966353	0.464846133355612	94.8134206219313	0.957711319413447	99
jim|11624.9bdba3.CDS.5	1.28076796729344	0.508054487315054	1.52906095503948	86.3273322422259	0.959192580469176	90
jim|11620.99c5ac.CDS.7	0.628263155900934	0.428300320966353	0.464846133355612	94.8134206219313	0.957711319413447	99
jim|11620.e23aa0.CDS.9	0.628263155900934	0.428300320966353	0.464846133355612	94.8134206219313	0.957711319413447	99
jim|11620.2b7b19.CDS.7	0.628263155900934	0.428300320966353	0.464846133355612	94.8134206219313	0.957711319413447	99
jim|883876.3b27d1.CDS.7	0.0653106800351258	0.420395618312789	0.243300901311713	92.3109656301146	0.94194862887872	98
jim|11620.b00a88.CDS.7	0.628263155900934	0.428300320966353	0.464846133355612	94.8134206219313	0.957711319413447	99
jim|45219.feb9fb.CDS.7	1.08820802950546	1.72496847429439	0.421334794819984	87.1833060556465	0.917719011112068	95
jim|11620.6f3391.CDS.7	0.628263155900934	0.428300320966353	0.464846133355612	94.8134206219313	0.957711319413447	99
jim|466143.11343d.CDS.1	1.00573493951597	1.51718788301752	0.421334794819984	87.5499181669395	0.921578085967784	95
jim|11620.511872.CDS.7	0.628263155900934	0.428300320966353	0.464846133355612	94.8134206219313	0.957711319413447	99
jim|11620.85d96b.CDS.7	0.628263155900934	0.428300320966353	0.464846133355612	94.8134206219313	0.957711319413447	99
jim|11620.f17071.CDS.7	0.628263155900934	0.428300320966353	0.464846133355612	94.8134206219313	0.957711319413447	99
jim|11620.8258d8.CDS.7	0.297266245630589	0.674788338995205	0.021755669267814	93.342062193126	0.962289300960062	97
jim|11623.30286f.CDS.5	1.28076796729344	0.508054487315054	1.52906095503948	86.3273322422259	0.959192580469176	90
jim|300180.657006.CDS.7	0.720677198701667	1.35948824996233	1.35102706153121	95.2242225859247	0.924507015397327	103
jim|11620.cc129f.CDS.7	0.628263155900934	0.428300320966353	0.464846133355612	94.8134206219313	0.957711319413447	99
jim|11620.2a368f.CDS.7	0.628263155900934	0.428300320966353	0.464846133355612	94.8134206219313	0.957711319413447	99
jim|11620.999e78.CDS.7	0.628263155900934	0.428300320966353	0.464846133355612	94.8134206219313	0.957711319413447	99
jim|11620.12c5b3.CDS.7	0.628263155900934	0.428300320966353	0.464846133355612	94.8134206219313	0.957711319413447	99
jim|11623.16f739.CDS.5	1.28076796729344	0.508054487315054	1.52906095503948	86.3273322422259	0.959192580469176	90
jim|2022412.52c6fd.CDS.7	0.327172864289884	0.342315410243288	0.199789562776085	90.5662847790508	0.943398799781779	96
jim|300180.e89896.CDS.7	0.720677198701667	1.35948824996233	1.35102706153121	95.2242225859247	0.924507015397327	103
jim|2479483.46ff67.CDS.7	0.877607103282285	1.00088781479975	1.30751572299558	88.1194762684125	0.968345893059477	91
jim|11620.8623a6.CDS.7	0.628263155900934	0.428300320966353	0.464846133355612	94.8134206219313	0.957711319413447	99
jim|499556.ed8e1d.CDS.7	0.714870023928013	2.32579248087611	0.243300901311713	88.8428805237316	0.9065600053442	98
jim|3052303.5c53f0.CDS.5	1.28076796729344	0.508054487315054	1.52906095503948	86.3273322422259	0.959192580469176	90
jim|499556.793cba.CDS.7	0.714870023928013	2.32579248087611	0.243300901311713	88.8428805237316	0.9065600053442	98
jim|11620.0849aa.CDS.7	0.628263155900934	0.428300320966353	0.464846133355612	94.8134206219313	0.957711319413447	99
jim|11620.acd659.CDS.7	0.628263155900934	0.428300320966353	0.464846133355612	94.8134206219313	0.957711319413447	99
jim|11620.ece4fc.CDS.7	0.628263155900934	0.428300320966353	0.464846133355612	94.8134206219313	0.957711319413447	99
jim|11620.5a40c6.CDS.7	0.628263155900934	0.428300320966353	0.464846133355612	94.8134206219313	0.957711319413447	99
jim|11620.467e02.CDS.7	0.628263155900934	0.428300320966353	0.464846133355612	94.8134206219313	0.957711319413447	99
jim|11620.1ff01b.CDS.7	0.628263155900934	0.428300320966353	0.464846133355612	94.8134206219313	0.957711319413447	99
jim|11620.603ab5.CDS.7	7.54614552243302	1.33786276386161	8.17541791635645	58.4762684124386	0.974604473540644	60
jim|11620.91bf28.CDS.7	0.192333965956453	0.415875438184217	0.021755669267814	92.8756137479542	0.957480554102621	97
jim|11620.f826a9.CDS.7	0.628263155900934	0.428300320966353	0.464846133355612	94.8134206219313	0.957711319413447	99
jim|11629.722dfc.CDS.7	0.720677198701667	1.35948824996233	1.35102706153121	95.2242225859247	0.924507015397327	103
jim|883876.c5117e.CDS.7	0.0653106800351258	0.420395618312789	0.243300901311713	92.3109656301146	0.94194862887872	98
jim|11620.518d96.CDS.7	0.628263155900934	0.428300320966353	0.464846133355612	94.8134206219313	0.957711319413447	99
jim|1437125.a9ba50.CDS.7	0.877607103282285	1.00088781479975	1.30751572299558	88.1194762684125	0.968345893059477	91
jim|11620.19f68b.CDS.7	0.628263155900934	0.428300320966353	0.464846133355612	94.8134206219313	0.957711319413447	99
jim|11620.0cb1d1.CDS.6	0.628263155900934	0.428300320966353	0.464846133355612	94.8134206219313	0.957711319413447	99
jim|11620.11f1a0.CDS.7	0.628263155900934	0.428300320966353	0.464846133355612	94.8134206219313	0.957711319413447	99
jim|883876.42b002.CDS.7	0.0653106800351258	0.420395618312789	0.243300901311713	92.3109656301146	0.94194862887872	98
jim|41118.5094c4.CDS.6	0.849256978598395	0.0473935420444632	0.864425258907782	88.2454991816694	0.948876335286768	93
jim|11620.ae8fbe.CDS.7	0.628263155900934	0.428300320966353	0.464846133355612	94.8134206219313	0.957711319413447	99
jim|499556.1e0be0.CDS.7	0.714870023928013	2.32579248087611	0.243300901311713	88.8428805237316	0.9065600053442	98
jim|11620.c728c0.CDS.7	0.628263155900934	0.428300320966353	0.464846133355612	94.8134206219313	0.957711319413447	99
jim|2847814.a22d9c.CDS.7	0.327172864289884	0.342315410243288	0.199789562776085	90.5662847790508	0.943398799781779	96
jim|11620.aec825.CDS.7	0.628263155900934	0.428300320966353	0.464846133355612	94.8134206219313	0.957711319413447	99
jim|11620.c31b76.CDS.7	0.628263155900934	0.428300320966353	0.464846133355612	94.8134206219313	0.957711319413447	99
jim|11623.d41d41.CDS.5	1.28076796729344	0.508054487315054	1.52906095503948	86.3273322422259	0.959192580469176	90
jim|11620.8f4429.CDS.7	0.628263155900934	0.428300320966353	0.464846133355612	94.8134206219313	0.957711319413447	99
jim|11620.ad64bb.CDS.7	0.628263155900934	0.428300320966353	0.464846133355612	94.8134206219313	0.957711319413447	99
jim|11620.d081e1.CDS.7	0.628263155900934	0.428300320966353	0.464846133355612	94.8134206219313	0.957711319413447	99
jim|11620.6e0bcf.CDS.7	0.628263155900934	0.428300320966353	0.464846133355612	94.8134206219313	0.957711319413447	99
jim|11620.e963b4.CDS.7	0.628263155900934	0.428300320966353	0.464846133355612	94.8134206219313	0.957711319413447	99
jim|11620.f680be.CDS.7	0.628263155900934	0.428300320966353	0.464846133355612	94.8134206219313	0.957711319413447	99
jim|11620.1d22bc.CDS.7	0.628263155900934	0.428300320966353	0.464846133355612	94.8134206219313	0.957711319413447	99
jim|11620.f2b761.CDS.7	0.628263155900934	0.428300320966353	0.464846133355612	94.8134206219313	0.957711319413447	99
jim|11620.b00be5.CDS.7	0.628263155900934	0.428300320966353	0.464846133355612	94.8134206219313	0.957711319413447	99
jim|11620.dfe465.CDS.7	0.628263155900934	0.428300320966353	0.464846133355612	94.8134206219313	0.957711319413447	99
jim|2169993.e71096.CDS.3	1.00573493951597	1.51718788301752	0.421334794819984	87.5499181669395	0.921578085967784	95
jim|11620.695f68.CDS.9	0.628263155900934	0.428300320966353	0.464846133355612	94.8134206219313	0.957711319413447	99
jim|11620.66de31.CDS.7	0.628263155900934	0.428300320966353	0.464846133355612	94.8134206219313	0.957711319413447	99
jim|1437125.a155a6.CDS.7	0.877607103282285	1.00088781479975	1.30751572299558	88.1194762684125	0.968345893059477	91
jim|41118.c01a22.CDS.6	0.849256978598395	0.0473935420444632	0.864425258907782	88.2454991816694	0.948876335286768	93
jim|11620.617c50.CDS.7	0.628263155900934	0.428300320966353	0.464846133355612	94.8134206219313	0.957711319413447	99
jim|11620.b24d20.CDS.7	0.628263155900934	0.428300320966353	0.464846133355612	94.8134206219313	0.957711319413447	99
jim|11620.a949d0.CDS.7	1.57200106631885	0.305144622177996	1.75060618708338	85.0327332242226	0.95542396881149	89
jim|2169991.1ff883.CDS.7	1.29733622197883	1.73178726174559	0.642880026863883	86.253682487725	0.917592366890692	94
jim|11620.5a1f3a.CDS.7	0.628263155900934	0.428300320966353	0.464846133355612	94.8134206219313	0.957711319413447	99
jim|11620.f9c73a.CDS.7	0.628263155900934	0.428300320966353	0.464846133355612	94.8134206219313	0.957711319413447	99
jim|45219.bbd3eb.CDS.1	1.08820802950546	1.72496847429439	0.421334794819984	87.1833060556465	0.917719011112068	95
jim|11620.23b428.CDS.7	0.628263155900934	0.428300320966353	0.464846133355612	94.8134206219313	0.957711319413447	99
jim|46919.94ce3f.CDS.1	1.00573493951597	1.51718788301752	0.421334794819984	87.5499181669395	0.921578085967784	95
jim|41118.ac31be.CDS.7	0.877607103282285	1.00088781479975	1.30751572299558	88.1194762684125	0.968345893059477	91
jim|11620.d0df6e.CDS.7	0.628263155900934	0.428300320966353	0.464846133355612	94.8134206219313	0.957711319413447	99
jim|2169993.bfa9af.CDS.7	1.00573493951597	1.51718788301752	0.421334794819984	87.5499181669395	0.921578085967784	95
jim|11620.0bc40a.CDS.7	0.628263155900934	0.428300320966353	0.464846133355612	94.8134206219313	0.957711319413447	99
jim|11620.0cf9dc.CDS.7	0.628263155900934	0.428300320966353	0.464846133355612	94.8134206219313	0.957711319413447	99
jim|11620.e95b1f.CDS.7	0.628263155900934	0.428300320966353	0.464846133355612	94.8134206219313	0.957711319413447	99
jim|11620.6424c4.CDS.7	0.628263155900934	0.428300320966353	0.464846133355612	94.8134206219313	0.957711319413447	99
jim|11620.e62a1a.CDS.7	0.628263155900934	0.428300320966353	0.464846133355612	94.8134206219313	0.957711319413447	99
jim|41118.f0ff33.CDS.7	0.877607103282285	1.00088781479975	1.30751572299558	88.1194762684125	0.968345893059477	91
jim|1588685.0dec54.CDS.7	0.877607103282285	1.00088781479975	1.30751572299558	88.1194762684125	0.968345893059477	91
jim|11620.965637.CDS.7	0.628263155900934	0.428300320966353	0.464846133355612	94.8134206219313	0.957711319413447	99
jim|11620.2e0432.CDS.5	5.27224461272261	0.150918712836744	5.51687513182966	68.5842880523732	0.952559556282961	72
jim|1588685.2c770f.CDS.9	0.877607103282285	1.00088781479975	1.30751572299558	88.1194762684125	0.968345893059477	91
jim|11620.45223a.CDS.7	0.628263155900934	0.428300320966353	0.464846133355612	94.8134206219313	0.957711319413447	99
jim|11620.4b58e5.CDS.7	0.628263155900934	0.428300320966353	0.464846133355612	94.8134206219313	0.957711319413447	99
jim|11620.cacd76.CDS.7	0.628263155900934	0.428300320966353	0.464846133355612	94.8134206219313	0.957711319413447	99
jim|41118.96e126.CDS.6	0.797711297354962	0.459654144132675	0.642880026863883	88.4746317512275	0.941219486715186	94
jim|3052303.570bb9.CDS.5	1.28076796729344	0.508054487315054	1.52906095503948	86.3273322422259	0.959192580469176	90
jim|45223.d0d23a.CDS.7	1.00573493951597	1.51718788301752	0.421334794819984	87.5499181669395	0.921578085967784	95
jim|11623.5e42b4.CDS.5	1.28076796729344	0.508054487315054	1.52906095503948	86.3273322422259	0.959192580469176	90
jim|11620.e38147.CDS.7	0.628263155900934	0.428300320966353	0.464846133355612	94.8134206219313	0.957711319413447	99
jim|11620.e8bd11.CDS.7	0.628263155900934	0.428300320966353	0.464846133355612	94.8134206219313	0.957711319413447	99
jim|45219.0236d7.CDS.1	1.08820802950546	1.72496847429439	0.421334794819984	87.1833060556465	0.917719011112068	95
jim|11620.d14f09.CDS.7	0.628263155900934	0.428300320966353	0.464846133355612	94.8134206219313	0.957711319413447	99
jim|11620.7b75b8.CDS.7	0.628263155900934	0.428300320966353	0.464846133355612	94.8134206219313	0.957711319413447	99
jim|45219.842aa8.CDS.7	1.08820802950546	1.72496847429439	0.421334794819984	87.1833060556465	0.917719011112068	95
jim|11620.c8f0c2.CDS.7	0.628263155900934	0.428300320966353	0.464846133355612	94.8134206219313	0.957711319413447	99
jim|11620.bda72a.CDS.7	0.628263155900934	0.428300320966353	0.464846133355612	94.8134206219313	0.957711319413447	99
jim|11620.0d741a.CDS.7	0.628263155900934	0.428300320966353	0.464846133355612	94.8134206219313	0.957711319413447	99
jim|11620.30d52b.CDS.7	0.628263155900934	0.428300320966353	0.464846133355612	94.8134206219313	0.957711319413447	99
jim|913012.01c10f.CDS.7	0.179899489308638	2.98465649698736	1.12948182948731	91.2209492635025	0.894323031995122	102
jim|883876.c1ed9a.CDS.7	0.0653106800351258	0.420395618312789	0.243300901311713	92.3109656301146	0.94194862887872	98
jim|11620.06835c.CDS.7	0.628263155900934	0.428300320966353	0.464846133355612	94.8134206219313	0.957711319413447	99
jim|11620.364f66.CDS.7	0.628263155900934	0.428300320966353	0.464846133355612	94.8134206219313	0.957711319413447	99
jim|1588685.4c6fce.CDS.7	0.877607103282285	1.00088781479975	1.30751572299558	88.1194762684125	0.968345893059477	91
jim|3052303.dbf683.CDS.5	1.28076796729344	0.508054487315054	1.52906095503948	86.3273322422259	0.959192580469176	90
jim|11623.b02364.CDS.5	1.28076796729344	0.508054487315054	1.52906095503948	86.3273322422259	0.959192580469176	90
jim|11620.56fcc5.CDS.7	0.628263155900934	0.428300320966353	0.464846133355612	94.8134206219313	0.957711319413447	99
jim|11620.be380b.CDS.7	0.628263155900934	0.428300320966353	0.464846133355612	94.8134206219313	0.957711319413447	99
jim|11620.aa838d.CDS.7	0.628263155900934	0.428300320966353	0.464846133355612	94.8134206219313	0.957711319413447	99
jim|2169991.aced48.CDS.1	1.29733622197883	1.73178726174559	0.642880026863883	86.253682487725	0.917592366890692	94
jim|2169991.6629ac.CDS.11	1.29733622197883	1.73178726174559	0.642880026863883	86.253682487725	0.917592366890692	94
jim|300180.d97e3b.CDS.7	0.720677198701667	1.35948824996233	1.35102706153121	95.2242225859247	0.924507015397327	103
jim|11620.16ed16.CDS.7	0.628263155900934	0.428300320966353	0.464846133355612	94.8134206219313	0.957711319413447	99
jim|11623.f4d6eb.CDS.5	1.28076796729344	0.508054487315054	1.52906095503948	86.3273322422259	0.959192580469176	90
jim|11620.68e712.CDS.7	0.628263155900934	0.428300320966353	0.464846133355612	94.8134206219313	0.957711319413447	99
jim|11620.e2029b.CDS.7	0.628263155900934	0.428300320966353	0.464846133355612	94.8134206219313	0.957711319413447	99
jim|11620.1eba8e.CDS.7	0.628263155900934	0.428300320966353	0.464846133355612	94.8134206219313	0.957711319413447	99
jim|11620.0ef91c.CDS.7	0.628999522775843	0.0855888850391441	0.686391365399511	94.8166939443535	0.948166939443535	100
jim|11620.579906.CDS.7	1.35035463697208	0.322999898209095	1.52906095503948	86.0180032733224	0.955755591925805	90
jim|11620.27b018.CDS.7	0.628263155900934	0.428300320966353	0.464846133355612	94.8134206219313	0.957711319413447	99
jim|11620.84c053.CDS.7	0.628263155900934	0.428300320966353	0.464846133355612	94.8134206219313	0.957711319413447	99
jim|11623.300d6f.CDS.5	1.28076796729344	0.508054487315054	1.52906095503948	86.3273322422259	0.959192580469176	90
jim|11620.69bea7.CDS.7	0.628263155900934	0.428300320966353	0.464846133355612	94.8134206219313	0.957711319413447	99
jim|300180.282389.CDS.7	0.720677198701667	1.35948824996233	1.35102706153121	95.2242225859247	0.924507015397327	103
jim|11620.0cc3af.CDS.7	0.628263155900934	0.428300320966353	0.464846133355612	94.8134206219313	0.957711319413447	99
jim|11620.ed630a.CDS.7	0.628263155900934	0.428300320966353	0.464846133355612	94.8134206219313	0.957711319413447	99
jim|11620.1ade78.CDS.7	0.628263155900934	0.428300320966353	0.464846133355612	94.8134206219313	0.957711319413447	99
jim|1588685.accee8.CDS.9	0.877607103282285	1.00088781479975	1.30751572299558	88.1194762684125	0.968345893059477	91
jim|11620.a2a1a6.CDS.6	0.628263155900934	0.428300320966353	0.464846133355612	94.8134206219313	0.957711319413447	99
jim|41118.baf4ab.CDS.6	0.849256978598395	0.0473935420444632	0.864425258907782	88.2454991816694	0.948876335286768	93
jim|11620.f33aed.CDS.9	0.628263155900934	0.428300320966353	0.464846133355612	94.8134206219313	0.957711319413447	99
jim|300180.5d710d.CDS.7	0.720677198701667	1.35948824996233	1.35102706153121	95.2242225859247	0.924507015397327	103
jim|11620.2d0a1c.CDS.7	0.628263155900934	0.428300320966353	0.464846133355612	94.8134206219313	0.957711319413447	99
jim|300180.d674dc.CDS.7	0.720677198701667	1.35948824996233	1.35102706153121	95.2242225859247	0.924507015397327	103
jim|11620.1b56dd.CDS.6	0.628263155900934	0.428300320966353	0.464846133355612	94.8134206219313	0.957711319413447	99
jim|11620.bd967a.CDS.7	0.628263155900934	0.428300320966353	0.464846133355612	94.8134206219313	0.957711319413447	99
jim|11620.583b9a.CDS.7	0.628263155900934	0.428300320966353	0.464846133355612	94.8134206219313	0.957711319413447	99
jim|11620.21ac20.CDS.7	0.628263155900934	0.428300320966353	0.464846133355612	94.8134206219313	0.957711319413447	99
jim|499556.646535.CDS.7	0.714870023928013	2.32579248087611	0.243300901311713	88.8428805237316	0.9065600053442	98
jim|11620.3835d3.CDS.7	0.687256266119029	0.369524119023747	0.864425258907782	88.9656301145663	0.956619678651251	93
jim|11623.ce1d1f.CDS.5	1.27377248198183	0.0410731369428546	1.30751572299558	86.3584288052373	0.948993723134476	91
jim|11620.c8668a.CDS.7	0.628263155900934	0.428300320966353	0.464846133355612	94.8134206219313	0.957711319413447	99
jim|11620.6f0c1f.CDS.7	0.628263155900934	0.428300320966353	0.464846133355612	94.8134206219313	0.957711319413447	99
jim|11620.d78e5d.CDS.7	0.628263155900934	0.428300320966353	0.464846133355612	94.8134206219313	0.957711319413447	99
jim|3052330.e96d67.CDS.9	0.877607103282285	1.00088781479975	1.30751572299558	88.1194762684125	0.968345893059477	91
jim|300180.d2264d.CDS.7	0.720677198701667	1.35948824996233	1.35102706153121	95.2242225859247	0.924507015397327	103
jim|11620.be9d51.CDS.7	0.628263155900934	0.428300320966353	0.464846133355612	94.8134206219313	0.957711319413447	99
jim|11620.58bd3a.CDS.7	0.628263155900934	0.428300320966353	0.464846133355612	94.8134206219313	0.957711319413447	99
jim|499556.b64a0d.CDS.7	0.714870023928013	2.32579248087611	0.243300901311713	88.8428805237316	0.9065600053442	98
jim|11620.487bd3.CDS.7	0.628263155900934	0.428300320966353	0.464846133355612	94.8134206219313	0.957711319413447	99
jim|883876.fdfef0.CDS.7	0.0653106800351258	0.420395618312789	0.243300901311713	92.3109656301146	0.94194862887872	98
jim|11620.b987f1.CDS.7	0.628263155900934	0.428300320966353	0.464846133355612	94.8134206219313	0.957711319413447	99
jim|11620.2c00d7.CDS.7	0.628263155900934	0.428300320966353	0.464846133355612	94.8134206219313	0.957711319413447	99
jim|11620.aa7215.CDS.7	0.628263155900934	0.428300320966353	0.464846133355612	94.8134206219313	0.957711319413447	99
jim|11620.4032e4.CDS.7	0.628263155900934	0.428300320966353	0.464846133355612	94.8134206219313	0.957711319413447	99
jim|11620.7329ab.CDS.7	0.628263155900934	0.428300320966353	0.464846133355612	94.8134206219313	0.957711319413447	99
jim|11620.d5fb5f.CDS.9	0.628263155900934	0.428300320966353	0.464846133355612	94.8134206219313	0.957711319413447	99
jim|300180.e5b517.CDS.7	0.720677198701667	1.35948824996233	1.35102706153121	95.2242225859247	0.924507015397327	103
jim|11620.ccd6f7.CDS.7	0.628263155900934	0.428300320966353	0.464846133355612	94.8134206219313	0.957711319413447	99
jim|11620.f9fbf8.CDS.7	0.628263155900934	0.428300320966353	0.464846133355612	94.8134206219313	0.957711319413447	99
jim|11620.ccc5ff.CDS.7	0.628263155900934	0.428300320966353	0.464846133355612	94.8134206219313	0.957711319413447	99
jim|11620.a737c6.CDS.7	0.628263155900934	0.428300320966353	0.464846133355612	94.8134206219313	0.957711319413447	99
jim|11620.29364f.CDS.7	4.169903400988	2.33009990755138	5.07378466774187	73.4844517184943	0.993033131331004	74
jim|2169991.485f95.CDS.7	1.29733622197883	1.73178726174559	0.642880026863883	86.253682487725	0.917592366890692	94
jim|45219.474c56.CDS.1	1.08820802950546	1.72496847429439	0.421334794819984	87.1833060556465	0.917719011112068	95
jim|11620.1adbbb.CDS.7	5.01930259119232	2.48113085460808	5.95996559591746	69.708674304419	0.995838204348843	70
jim|2877497.2c7820.CDS.9	1.81721123566262	1.41720602899509	2.41524188321508	83.9427168576105	0.976078102995471	86
jim|11620.065819.CDS.7	0.138662944313895	0.667291101165624	0.421334794819984	91.4042553191489	0.962150055991042	95
jim|45220.d3b808.CDS.4	1.00573493951597	1.51718788301752	0.421334794819984	87.5499181669395	0.921578085967784	95
jim|11620.8ec1bc.CDS.7	0.628263155900934	0.428300320966353	0.464846133355612	94.8134206219313	0.957711319413447	99
jim|11620.3c2259.CDS.7	0.628263155900934	0.428300320966353	0.464846133355612	94.8134206219313	0.957711319413447	99
jim|11620.bb8a14.CDS.7	0.628263155900934	0.428300320966353	0.464846133355612	94.8134206219313	0.957711319413447	99
jim|11620.b6132d.CDS.7	0.628263155900934	0.428300320966353	0.464846133355612	94.8134206219313	0.957711319413447	99
jim|11620.d156a0.CDS.7	0.628263155900934	0.428300320966353	0.464846133355612	94.8134206219313	0.957711319413447	99
jim|11620.8076bc.CDS.7	0.628263155900934	0.428300320966353	0.464846133355612	94.8134206219313	0.957711319413447	99
jim|11620.60843b.CDS.8	0.628263155900934	0.428300320966353	0.464846133355612	94.8134206219313	0.957711319413447	99
jim|300180.453739.CDS.7	0.720677198701667	1.35948824996233	1.35102706153121	95.2242225859247	0.924507015397327	103
jim|11631.65d6b9.CDS.7	1.08820802950546	1.72496847429439	0.421334794819984	87.1833060556465	0.917719011112068	95
jim|2479483.0ce1bd.CDS.7	0.877607103282285	1.00088781479975	1.30751572299558	88.1194762684125	0.968345893059477	91
jim|11620.a72c0a.CDS.7	0.628263155900934	0.428300320966353	0.464846133355612	94.8134206219313	0.957711319413447	99
jim|45219.80c28f.CDS.1	1.08820802950546	1.72496847429439	0.421334794819984	87.1833060556465	0.917719011112068	95
jim|11620.3c3e14.CDS.7	0.628263155900934	0.428300320966353	0.464846133355612	94.8134206219313	0.957711319413447	99
jim|300180.768793.CDS.7	0.722886299326376	4.09467650294562	2.6802984537946	95.2340425531915	0.873706812414601	109
jim|11620.d0460f.CDS.7	0.628263155900934	0.428300320966353	0.464846133355612	94.8134206219313	0.957711319413447	99
jim|11620.bf2118.CDS.7	0.628263155900934	0.428300320966353	0.464846133355612	94.8134206219313	0.957711319413447	99
jim|45219.180bcf.CDS.7	1.08820802950546	1.72496847429439	0.421334794819984	87.1833060556465	0.917719011112068	95
jim|11620.1d2132.CDS.7	0.628263155900934	0.428300320966353	0.464846133355612	94.8134206219313	0.957711319413447	99
jim|300180.644f69.CDS.7	0.720677198701667	1.35948824996233	1.35102706153121	95.2242225859247	0.924507015397327	103
jim|11620.02b68c.CDS.7	0.628263155900934	0.428300320966353	0.464846133355612	94.8134206219313	0.957711319413447	99
jim|45219.0d96f6.CDS.7	1.08820802950546	1.72496847429439	0.421334794819984	87.1833060556465	0.917719011112068	95
jim|2201416.83d5bc.CDS.9	0.877607103282285	1.00088781479975	1.30751572299558	88.1194762684125	0.968345893059477	91
jim|11620.46db1a.CDS.7	0.628263155900934	0.428300320966353	0.464846133355612	94.8134206219313	0.957711319413447	99
jim|11620.f96219.CDS.7	0.628263155900934	0.428300320966353	0.464846133355612	94.8134206219313	0.957711319413447	99
jim|2169991.578a43.CDS.7	1.29733622197883	1.73178726174559	0.642880026863883	86.253682487725	0.917592366890692	94
jim|45219.6d59ea.CDS.9	1.08820802950546	1.72496847429439	0.421334794819984	87.1833060556465	0.917719011112068	95
jim|11620.907f82.CDS.7	0.628263155900934	0.428300320966353	0.464846133355612	94.8134206219313	0.957711319413447	99
jim|11620.25d8d5.CDS.7	0.628263155900934	0.428300320966353	0.464846133355612	94.8134206219313	0.957711319413447	99
jim|11628.56e9e1.CDS.1	1.29733622197883	1.73178726174559	0.642880026863883	86.253682487725	0.917592366890692	94
jim|11620.06a94a.CDS.7	0.628263155900934	0.428300320966353	0.464846133355612	94.8134206219313	0.957711319413447	99
jim|11620.9944ed.CDS.7	0.0370443155768364	0.923306472560338	0.421334794819984	91.8559738134206	0.966904987509691	95
jim|883876.0e5f4c.CDS.7	0.0653106800351258	0.420395618312789	0.243300901311713	92.3109656301146	0.94194862887872	98
jim|11620.c34bb5.CDS.7	0.628263155900934	0.428300320966353	0.464846133355612	94.8134206219313	0.957711319413447	99
jim|11623.ce1f27.CDS.5	1.28076796729344	0.508054487315054	1.52906095503948	86.3273322422259	0.959192580469176	90
jim|11620.0683c1.CDS.7	0.628263155900934	0.428300320966353	0.464846133355612	94.8134206219313	0.957711319413447	99
jim|11620.04d643.CDS.7	0.628263155900934	0.428300320966353	0.464846133355612	94.8134206219313	0.957711319413447	99
jim|11620.ce3b9d.CDS.7	0.628263155900934	0.428300320966353	0.464846133355612	94.8134206219313	0.957711319413447	99
jim|11623.ec6dc1.CDS.5	1.28076796729344	0.508054487315054	1.52906095503948	86.3273322422259	0.959192580469176	90
jim|11620.624f6d.CDS.7	0.628263155900934	0.428300320966353	0.464846133355612	94.8134206219313	0.957711319413447	99
jim|11628.686d29.CDS.7	1.29733622197883	1.73178726174559	0.642880026863883	86.253682487725	0.917592366890692	94
jim|11620.959eac.CDS.7	0.628263155900934	0.428300320966353	0.464846133355612	94.8134206219313	0.957711319413447	99
jim|45219.4d4da6.CDS.7	1.08820802950546	1.72496847429439	0.421334794819984	87.1833060556465	0.917719011112068	95
jim|11620.15e5f4.CDS.7	0.628263155900934	0.428300320966353	0.464846133355612	94.8134206219313	0.957711319413447	99
jim|11620.7affc2.CDS.7	0.628263155900934	0.428300320966353	0.464846133355612	94.8134206219313	0.957711319413447	99
jim|11620.19639d.CDS.7	0.0370443155768364	0.923306472560338	0.421334794819984	91.8559738134206	0.966904987509691	95
jim|300180.a41eea.CDS.7	0.720677198701667	1.35948824996233	1.35102706153121	95.2242225859247	0.924507015397327	103
jim|2479483.2e9fda.CDS.7	0.877607103282285	1.00088781479975	1.30751572299558	88.1194762684125	0.968345893059477	91
jim|11620.3668f4.CDS.7	0.628263155900934	0.428300320966353	0.464846133355612	94.8134206219313	0.957711319413447	99
jim|11620.f55760.CDS.7	0.628263155900934	0.428300320966353	0.464846133355612	94.8134206219313	0.957711319413447	99
jim|11620.6e2632.CDS.7	0.628263155900934	0.428300320966353	0.464846133355612	94.8134206219313	0.957711319413447	99
jim|481886.d39dae.CDS.1	1.00573493951597	1.51718788301752	0.421334794819984	87.5499181669395	0.921578085967784	95
jim|300180.44f0ce.CDS.7	0.720677198701667	1.35948824996233	1.35102706153121	95.2242225859247	0.924507015397327	103
jim|2169991.4283ff.CDS.7	1.29733622197883	1.73178726174559	0.642880026863883	86.253682487725	0.917592366890692	94
jim|11620.d08ae6.CDS.7	0.628263155900934	0.428300320966353	0.464846133355612	94.8134206219313	0.957711319413447	99
jim|11620.744444.CDS.9	0.628263155900934	0.428300320966353	0.464846133355612	94.8134206219313	0.957711319413447	99
jim|11620.3871a4.CDS.7	0.628263155900934	0.428300320966353	0.464846133355612	94.8134206219313	0.957711319413447	99
jim|11620.6f6cc7.CDS.7	0.628263155900934	0.428300320966353	0.464846133355612	94.8134206219313	0.957711319413447	99
jim|11620.e822e7.CDS.7	0.628263155900934	0.428300320966353	0.464846133355612	94.8134206219313	0.957711319413447	99
jim|2169991.3f1cd6.CDS.7	1.29733622197883	1.73178726174559	0.642880026863883	86.253682487725	0.917592366890692	94
jim|11623.43cc67.CDS.5	1.28076796729344	0.508054487315054	1.52906095503948	86.3273322422259	0.959192580469176	90
jim|2169991.8fee98.CDS.1	1.29733622197883	1.73178726174559	0.642880026863883	86.253682487725	0.917592366890692	94
jim|11620.46333a.CDS.7	0.628263155900934	0.428300320966353	0.464846133355612	94.8134206219313	0.957711319413447	99
jim|11620.a75281.CDS.7	0.628263155900934	0.428300320966353	0.464846133355612	94.8134206219313	0.957711319413447	99
jim|11620.43e7b0.CDS.7	0.628263155900934	0.428300320966353	0.464846133355612	94.8134206219313	0.957711319413447	99
jim|11620.3c7bba.CDS.7	0.628263155900934	0.428300320966353	0.464846133355612	94.8134206219313	0.957711319413447	99
jim|11620.5796c9.CDS.7	0.628263155900934	0.428300320966353	0.464846133355612	94.8134206219313	0.957711319413447	99
jim|46919.06c3ea.CDS.1	1.00573493951597	1.51718788301752	0.421334794819984	87.5499181669395	0.921578085967784	95
jim|11620.a57983.CDS.7	0.628263155900934	0.428300320966353	0.464846133355612	94.8134206219313	0.957711319413447	99
jim|3014462.3620a0.CDS.9	0.877607103282285	1.00088781479975	1.30751572299558	88.1194762684125	0.968345893059477	91
jim|11620.e7a4e2.CDS.7	0.628263155900934	0.428300320966353	0.464846133355612	94.8134206219313	0.957711319413447	99
jim|404768.e7ee81.CDS.1	1.00573493951597	1.51718788301752	0.421334794819984	87.5499181669395	0.921578085967784	95
jim|3052303.20524b.CDS.5	1.28076796729344	0.508054487315054	1.52906095503948	86.3273322422259	0.959192580469176	90
jim|11620.76d516.CDS.7	0.628263155900934	0.428300320966353	0.464846133355612	94.8134206219313	0.957711319413447	99
jim|2479483.4e5d43.CDS.7	0.877607103282285	1.00088781479975	1.30751572299558	88.1194762684125	0.968345893059477	91
jim|11620.024acf.CDS.7	0.628263155900934	0.428300320966353	0.464846133355612	94.8134206219313	0.957711319413447	99
jim|11620.c5d78d.CDS.6	0.628263155900934	0.428300320966353	0.464846133355612	94.8134206219313	0.957711319413447	99
jim|11620.bfa4b1.CDS.7	0.628263155900934	0.428300320966353	0.464846133355612	94.8134206219313	0.957711319413447	99
jim|11620.1aca97.CDS.7	0.628263155900934	0.428300320966353	0.464846133355612	94.8134206219313	0.957711319413447	99
jim|11620.f57600.CDS.7	0.628263155900934	0.428300320966353	0.464846133355612	94.8134206219313	0.957711319413447	99
jim|11620.957b47.CDS.7	0.628263155900934	0.428300320966353	0.464846133355612	94.8134206219313	0.957711319413447	99
jim|11620.edc82c.CDS.7	0.628263155900934	0.428300320966353	0.464846133355612	94.8134206219313	0.957711319413447	99
jim|2169993.7bca89.CDS.7	1.00573493951597	1.51718788301752	0.421334794819984	87.5499181669395	0.921578085967784	95
jim|11620.107b90.CDS.7	0.13047914846433	0.798670970008243	0.199789562776085	92.6006546644845	0.964590152755047	96
jim|11620.5aa43c.CDS.7	0.628263155900934	0.428300320966353	0.464846133355612	94.8134206219313	0.957711319413447	99
jim|11620.2707f7.CDS.7	0.628263155900934	0.428300320966353	0.464846133355612	94.8134206219313	0.957711319413447	99
jim|404768.021df2.CDS.1	1.00573493951597	1.51718788301752	0.421334794819984	87.5499181669395	0.921578085967784	95
jim|11620.329519.CDS.7	0.628263155900934	0.428300320966353	0.464846133355612	94.8134206219313	0.957711319413447	99
jim|11620.8e6755.CDS.7	0.628263155900934	0.428300320966353	0.464846133355612	94.8134206219313	0.957711319413447	99
jim|11620.364f42.CDS.7	0.628263155900934	0.428300320966353	0.464846133355612	94.8134206219313	0.957711319413447	99
jim|11620.9e7a91.CDS.7	0.628263155900934	0.428300320966353	0.464846133355612	94.8134206219313	0.957711319413447	99
jim|45219.0b84e8.CDS.1	1.08820802950546	1.72496847429439	0.421334794819984	87.1833060556465	0.917719011112068	95
jim|2845209.485503.CDS.7	1.03887144888675	0.535376713522041	0.864425258907782	87.4026186579378	0.939813103848794	93
jim|2169991.59a181.CDS.7	1.29733622197883	1.73178726174559	0.642880026863883	86.253682487725	0.917592366890692	94
jim|11620.f9e8c4.CDS.7	0.628263155900934	0.428300320966353	0.464846133355612	94.8134206219313	0.957711319413447	99
jim|11620.7859af.CDS.7	0.628263155900934	0.428300320966353	0.464846133355612	94.8134206219313	0.957711319413447	99
jim|11620.04bf7b.CDS.7	0.628263155900934	0.428300320966353	0.464846133355612	94.8134206219313	0.957711319413447	99
jim|11620.95c77e.CDS.7	0.18865213158192	0.406790774997863	0.021755669267814	92.8592471358429	0.95731182614271	97
jim|11623.d85d6b.CDS.5	1.28076796729344	0.508054487315054	1.52906095503948	86.3273322422259	0.959192580469176	90
jim|11620.2f2ee2.CDS.7	0.628263155900934	0.428300320966353	0.464846133355612	94.8134206219313	0.957711319413447	99
jim|3052303.ab7a9f.CDS.5	1.28076796729344	0.508054487315054	1.52906095503948	86.3273322422259	0.959192580469176	90
jim|11628.b99c99.CDS.7	1.1161899707519	1.79546546062047	0.421334794819984	87.0589198036007	0.916409682143165	95
jim|11620.48926e.CDS.7	0.687256266119029	0.369524119023747	0.864425258907782	88.9656301145663	0.956619678651251	93
jim|11623.e84df5.CDS.5	1.28076796729344	0.508054487315054	1.52906095503948	86.3273322422259	0.959192580469176	90
jim|11620.75bbca.CDS.7	0.628263155900934	0.428300320966353	0.464846133355612	94.8134206219313	0.957711319413447	99
jim|2838264.79bfa6.CDS.6	0.409930377491238	1.60063478014448	1.12948182948731	93.8428805237316	0.920028240428741	102
jim|11620.3cf0cd.CDS.7	0.628263155900934	0.428300320966353	0.464846133355612	94.8134206219313	0.957711319413447	99
jim|11620.b18db1.CDS.7	0.628263155900934	0.428300320966353	0.464846133355612	94.8134206219313	0.957711319413447	99
jim|11620.dd3212.CDS.7	2.64636033680703	0.306005089005473	2.85833234730287	80.2569558101473	0.955439950120801	84
jim|11620.be0263.CDS.7	0.411034927803596	0.423949664342688	0.243300901311713	93.847790507365	0.957630515381275	98
jim|42764.8facb9.CDS.3	1.7851792766042	5.40639343367325	0.464846133355612	84.0851063829787	0.849344508918977	99
jim|11620.c96590.CDS.7	0.628263155900934	0.428300320966353	0.464846133355612	94.8134206219313	0.957711319413447	99
jim|11620.42ed42.CDS.7	0.628263155900934	0.428300320966353	0.464846133355612	94.8134206219313	0.957711319413447	99
jim|883876.71c453.CDS.7	0.0653106800351258	0.420395618312789	0.243300901311713	92.3109656301146	0.94194862887872	98
jim|11623.6c9f26.CDS.5	1.28076796729344	0.508054487315054	1.52906095503948	86.3273322422259	0.959192580469176	90
jim|11620.a5cced.CDS.7	0.628263155900934	0.428300320966353	0.464846133355612	94.8134206219313	0.957711319413447	99
jim|45219.48bbf6.CDS.1	1.08820802950546	1.72496847429439	0.421334794819984	87.1833060556465	0.917719011112068	95
jim|11620.1ea567.CDS.7	0.628263155900934	0.428300320966353	0.464846133355612	94.8134206219313	0.957711319413447	99
jim|11620.6a218a.CDS.7	3.0579894198796	2.31480003560455	3.96605850752237	78.4271685761048	0.992748969317782	79
jim|11620.b90452.CDS.7	0.628263155900934	0.428300320966353	0.464846133355612	94.8134206219313	0.957711319413447	99
jim|11620.9ca224.CDS.6	0.628263155900934	0.428300320966353	0.464846133355612	94.8134206219313	0.957711319413447	99
jim|11620.f01e30.CDS.7	0.628263155900934	0.428300320966353	0.464846133355612	94.8134206219313	0.957711319413447	99
jim|11620.3da113.CDS.7	0.628263155900934	0.428300320966353	0.464846133355612	94.8134206219313	0.957711319413447	99
jim|46919.37a3d2.CDS.1	1.00573493951597	1.51718788301752	0.421334794819984	87.5499181669395	0.921578085967784	95
jim|11620.319027.CDS.7	0.628263155900934	0.428300320966353	0.464846133355612	94.8134206219313	0.957711319413447	99
jim|11620.f8c2bc.CDS.7	0.628263155900934	0.428300320966353	0.464846133355612	94.8134206219313	0.957711319413447	99
jim|11620.2ea12a.CDS.7	0.628263155900934	0.428300320966353	0.464846133355612	94.8134206219313	0.957711319413447	99
jim|11620.85c67c.CDS.7	0.628263155900934	0.428300320966353	0.464846133355612	94.8134206219313	0.957711319413447	99
jim|11620.6b9618.CDS.7	0.628263155900934	0.428300320966353	0.464846133355612	94.8134206219313	0.957711319413447	99
jim|11620.dc9c66.CDS.7	0.628263155900934	0.428300320966353	0.464846133355612	94.8134206219313	0.957711319413447	99
jim|11620.3f3737.CDS.7	0.687992632993935	1.49959589114496	1.30751572299558	88.962356792144	0.977608316397187	91
jim|11620.4f28b6.CDS.7	0.628999522775843	0.0855888850391441	0.686391365399511	94.8166939443535	0.948166939443535	100
jim|11628.34dec0.CDS.7	1.29733622197883	1.73178726174559	0.642880026863883	86.253682487725	0.917592366890692	94
jim|11620.5c7c98.CDS.7	0.628263155900934	0.428300320966353	0.464846133355612	94.8134206219313	0.957711319413447	99
jim|11620.4d6a93.CDS.7	0.628263155900934	0.428300320966353	0.464846133355612	94.8134206219313	0.957711319413447	99
jim|11620.fd66f3.CDS.7	0.628263155900934	0.428300320966353	0.464846133355612	94.8134206219313	0.957711319413447	99
jim|11620.694beb.CDS.6	0.628263155900934	0.428300320966353	0.464846133355612	94.8134206219313	0.957711319413447	99
jim|11620.b269b9.CDS.7	0.628263155900934	0.428300320966353	0.464846133355612	94.8134206219313	0.957711319413447	99
jim|11620.fe4ffe.CDS.7	0.628263155900934	0.428300320966353	0.464846133355612	94.8134206219313	0.957711319413447	99
jim|11620.5e173b.CDS.9	0.628263155900934	0.428300320966353	0.464846133355612	94.8134206219313	0.957711319413447	99
jim|11620.16d283.CDS.7	0.628263155900934	0.428300320966353	0.464846133355612	94.8134206219313	0.957711319413447	99
jim|11620.f4d261.CDS.7	0.628263155900934	0.428300320966353	0.464846133355612	94.8134206219313	0.957711319413447	99
jim|11620.f3f001.CDS.7	0.628263155900934	0.428300320966353	0.464846133355612	94.8134206219313	0.957711319413447	99
jim|11620.9b4803.CDS.7	0.628263155900934	0.428300320966353	0.464846133355612	94.8134206219313	0.957711319413447	99
jim|11620.d096c9.CDS.7	0.628263155900934	0.428300320966353	0.464846133355612	94.8134206219313	0.957711319413447	99
jim|11620.7d6f09.CDS.7	0.628263155900934	0.428300320966353	0.464846133355612	94.8134206219313	0.957711319413447	99
jim|1437126.8c843f.CDS.7	0.849256978598395	0.0473935420444632	0.864425258907782	88.2454991816694	0.948876335286768	93
jim|11620.2042b1.CDS.7	0.628263155900934	0.428300320966353	0.464846133355612	94.8134206219313	0.957711319413447	99
jim|11620.c75faa.CDS.7	0.628263155900934	0.428300320966353	0.464846133355612	94.8134206219313	0.957711319413447	99
jim|11620.8149e4.CDS.7	0.628263155900934	0.428300320966353	0.464846133355612	94.8134206219313	0.957711319413447	99
jim|11620.fc9604.CDS.7	1.72995176098623	2.28119192280093	2.63678711525898	84.3306055646481	0.992124771348802	85
jim|2169991.de23f6.CDS.1	1.29733622197883	1.73178726174559	0.642880026863883	86.253682487725	0.917592366890692	94
jim|11620.edc2f3.CDS.7	0.628263155900934	0.428300320966353	0.464846133355612	94.8134206219313	0.957711319413447	99
jim|11620.8b4d7a.CDS.7	3.04878483394328	2.34268650171454	3.96605850752237	78.468085106383	0.993266900080797	79
jim|11620.6a2baf.CDS.7	0.628263155900934	0.428300320966353	0.464846133355612	94.8134206219313	0.957711319413447	99
jim|11620.11ab30.CDS.7	0.628263155900934	0.428300320966353	0.464846133355612	94.8134206219313	0.957711319413447	99
jim|11620.8b80d5.CDS.7	0.628263155900934	0.428300320966353	0.464846133355612	94.8134206219313	0.957711319413447	99
jim|41118.f185bc.CDS.7	0.877607103282285	1.00088781479975	1.30751572299558	88.1194762684125	0.968345893059477	91
jim|11620.5c2e79.CDS.7	0.628263155900934	0.428300320966353	0.464846133355612	94.8134206219313	0.957711319413447	99
jim|11620.524178.CDS.7	0.628263155900934	0.428300320966353	0.464846133355612	94.8134206219313	0.957711319413447	99
jim|11620.2d6e0e.CDS.7	0.628263155900934	0.428300320966353	0.464846133355612	94.8134206219313	0.957711319413447	99
jim|11620.e56e7c.CDS.7	0.628263155900934	0.428300320966353	0.464846133355612	94.8134206219313	0.957711319413447	99
jim|2169991.7642f4.CDS.7	1.29733622197883	1.73178726174559	0.642880026863883	86.253682487725	0.917592366890692	94
jim|1588685.8aa445.CDS.7	0.877607103282285	1.00088781479975	1.30751572299558	88.1194762684125	0.968345893059477	91
jim|11620.ac60a3.CDS.7	1.12944457450021	0.338526020197577	1.30751572299558	87	0.956043956043956	91
jim|2169991.933ed3.CDS.1	1.29733622197883	1.73178726174559	0.642880026863883	86.253682487725	0.917592366890692	94
jim|11623.e79e7c.CDS.5	1.28076796729344	0.508054487315054	1.52906095503948	86.3273322422259	0.959192580469176	90
jim|11620.352de0.CDS.12	0.628263155900934	0.428300320966353	0.464846133355612	94.8134206219313	0.957711319413447	99
jim|466143.05f02a.CDS.1	1.00573493951597	1.51718788301752	0.421334794819984	87.5499181669395	0.921578085967784	95
jim|2479483.ea6f76.CDS.7	0.877607103282285	1.00088781479975	1.30751572299558	88.1194762684125	0.968345893059477	91
jim|11628.ff4294.CDS.7	1.29733622197883	1.73178726174559	0.642880026863883	86.253682487725	0.917592366890692	94
jim|11620.16070b.CDS.9	0.628263155900934	0.428300320966353	0.464846133355612	94.8134206219313	0.957711319413447	99
jim|49891.03dd5e.CDS.1	1.00573493951597	1.51718788301752	0.421334794819984	87.5499181669395	0.921578085967784	95
jim|11620.34cbd8.CDS.7	0.246908874925109	0.394579075114734	0.421334794819984	90.9230769230769	0.957085020242915	95
jim|11620.2d6a90.CDS.7	0.628263155900934	0.428300320966353	0.464846133355612	94.8134206219313	0.957711319413447	99
jim|11620.d94b5c.CDS.7	0.628263155900934	0.428300320966353	0.464846133355612	94.8134206219313	0.957711319413447	99
jim|11620.bcca9c.CDS.7	0.628263155900934	0.428300320966353	0.464846133355612	94.8134206219313	0.957711319413447	99
jim|11620.6f8139.CDS.7	0.628263155900934	0.428300320966353	0.464846133355612	94.8134206219313	0.957711319413447	99
jim|11620.692265.CDS.7	0.628263155900934	0.428300320966353	0.464846133355612	94.8134206219313	0.957711319413447	99
jim|11620.8ca925.CDS.7	0.628263155900934	0.428300320966353	0.464846133355612	94.8134206219313	0.957711319413447	99
jim|11620.b0c69a.CDS.7	0.628263155900934	0.428300320966353	0.464846133355612	94.8134206219313	0.957711319413447	99
jim|11620.ca2ca6.CDS.7	0.628263155900934	0.428300320966353	0.464846133355612	94.8134206219313	0.957711319413447	99
jim|11620.ebb53c.CDS.7	0.628263155900934	0.428300320966353	0.464846133355612	94.8134206219313	0.957711319413447	99
jim|11620.a275a7.CDS.7	0.628263155900934	0.428300320966353	0.464846133355612	94.8134206219313	0.957711319413447	99
jim|11620.24efd6.CDS.7	0.628263155900934	0.428300320966353	0.464846133355612	94.8134206219313	0.957711319413447	99
jim|11620.28bbca.CDS.7	0.628263155900934	0.428300320966353	0.464846133355612	94.8134206219313	0.957711319413447	99
jim|11628.5ef20f.CDS.7	1.1161899707519	1.79546546062047	0.421334794819984	87.0589198036007	0.916409682143165	95
jim|11620.cf54af.CDS.7	0.628263155900934	0.428300320966353	0.464846133355612	94.8134206219313	0.957711319413447	99
jim|1588685.3412e9.CDS.7	0.877607103282285	1.00088781479975	1.30751572299558	88.1194762684125	0.968345893059477	91
jim|2994979.70e0bc.CDS.7	1.08820802950546	1.72496847429439	0.421334794819984	87.1833060556465	0.917719011112068	95
jim|11620.badc4b.CDS.7	0.628263155900934	0.428300320966353	0.464846133355612	94.8134206219313	0.957711319413447	99
jim|11620.15cec0.CDS.7	0.463316975921942	0.551635532433302	0.243300901311713	94.0801963993454	0.960002004074953	98
jim|300180.2abcb4.CDS.7	0.720677198701667	1.35948824996233	1.35102706153121	95.2242225859247	0.924507015397327	103
jim|11620.38fc13.CDS.7	0.628263155900934	0.428300320966353	0.464846133355612	94.8134206219313	0.957711319413447	99
jim|11620.73ba9f.CDS.7	0.628263155900934	0.428300320966353	0.464846133355612	94.8134206219313	0.957711319413447	99
jim|11620.bb6b09.CDS.7	0.628263155900934	0.428300320966353	0.464846133355612	94.8134206219313	0.957711319413447	99
jim|11620.f59401.CDS.7	0.628263155900934	0.428300320966353	0.464846133355612	94.8134206219313	0.957711319413447	99
jim|11620.f30f49.CDS.5	0.628263155900934	0.428300320966353	0.464846133355612	94.8134206219313	0.957711319413447	99
jim|42764.8facb9.CDS.6	1.7851792766042	5.40639343367325	0.464846133355612	84.0851063829787	0.849344508918977	99
jim|2169991.bafc1d.CDS.7	1.29733622197883	1.73178726174559	0.642880026863883	86.253682487725	0.917592366890692	94
jim|11620.acd906.CDS.7	0.628263155900934	0.428300320966353	0.464846133355612	94.8134206219313	0.957711319413447	99
jim|11620.ceceaa.CDS.7	0.628263155900934	0.428300320966353	0.464846133355612	94.8134206219313	0.957711319413447	99
jim|11620.ce2ec7.CDS.7	0.628263155900934	0.428300320966353	0.464846133355612	94.8134206219313	0.957711319413447	99
jim|11620.296e0c.CDS.7	0.628263155900934	0.428300320966353	0.464846133355612	94.8134206219313	0.957711319413447	99
jim|11620.baf323.CDS.7	3.31645419297169	0.23128854099783	3.52296804343457	77.278232405892	0.954052251924592	81
jim|45219.21460b.CDS.1	1.08820802950546	1.72496847429439	0.421334794819984	87.1833060556465	0.917719011112068	95
jim|11620.931ade.CDS.7	0.628263155900934	0.428300320966353	0.464846133355612	94.8134206219313	0.957711319413447	99
jim|11620.9dab05.CDS.7	0.628263155900934	0.428300320966353	0.464846133355612	94.8134206219313	0.957711319413447	99
jim|11620.157d89.CDS.7	0.628263155900934	0.428300320966353	0.464846133355612	94.8134206219313	0.957711319413447	99
jim|11620.46f6a9.CDS.7	0.628263155900934	0.428300320966353	0.464846133355612	94.8134206219313	0.957711319413447	99
jim|11620.52d22e.CDS.7	0.628263155900934	0.428300320966353	0.464846133355612	94.8134206219313	0.957711319413447	99
jim|11620.3fbe55.CDS.7	0.628263155900934	0.428300320966353	0.464846133355612	94.8134206219313	0.957711319413447	99
jim|11620.0b9154.CDS.7	0.0370443155768364	0.923306472560338	0.421334794819984	91.8559738134206	0.966904987509691	95
jim|11620.1e475a.CDS.7	0.628263155900934	0.428300320966353	0.464846133355612	94.8134206219313	0.957711319413447	99
jim|2169991.a68da0.CDS.7	1.29733622197883	1.73178726174559	0.642880026863883	86.253682487725	0.917592366890692	94
jim|11620.8c313d.CDS.7	0.628263155900934	0.428300320966353	0.464846133355612	94.8134206219313	0.957711319413447	99
jim|11620.7eebc2.CDS.6	0.628263155900934	0.428300320966353	0.464846133355612	94.8134206219313	0.957711319413447	99
jim|11620.0c10d3.CDS.7	0.406984909991613	0.414058505546938	0.243300901311713	93.8297872340426	0.957446808510638	98
jim|11620.e6fc46.CDS.7	0.628263155900934	0.428300320966353	0.464846133355612	94.8134206219313	0.957711319413447	99
jim|45219.4fa9a0.CDS.7	1.08820802950546	1.72496847429439	0.421334794819984	87.1833060556465	0.917719011112068	95
jim|11620.4182da.CDS.6	0.628263155900934	0.428300320966353	0.464846133355612	94.8134206219313	0.957711319413447	99
jim|11620.f7a914.CDS.7	0.246088747824605	0.54851152070493	0.021755669267814	93.1145662847791	0.95994398231731	97
jim|11620.00a7b7.CDS.7	0.628263155900934	0.428300320966353	0.464846133355612	94.8134206219313	0.957711319413447	99
jim|11623.88874a.CDS.5	1.28076796729344	0.508054487315054	1.52906095503948	86.3273322422259	0.959192580469176	90
jim|41118.869ca6.CDS.8	0.877607103282285	1.00088781479975	1.30751572299558	88.1194762684125	0.968345893059477	91
jim|11620.41e09c.CDS.7	0.628263155900934	0.428300320966353	0.464846133355612	94.8134206219313	0.957711319413447	99
jim|11620.e9ef88.CDS.7	0.628263155900934	0.428300320966353	0.464846133355612	94.8134206219313	0.957711319413447	99
jim|11620.370e81.CDS.7	0.628263155900934	0.428300320966353	0.464846133355612	94.8134206219313	0.957711319413447	99
jim|2169991.732d21.CDS.1	1.29733622197883	1.73178726174559	0.642880026863883	86.253682487725	0.917592366890692	94
jim|11620.a15910.CDS.7	0.628263155900934	0.428300320966353	0.464846133355612	94.8134206219313	0.957711319413447	99
jim|11620.35dd7c.CDS.7	0.628263155900934	0.428300320966353	0.464846133355612	94.8134206219313	0.957711319413447	99
jim|11620.b51ed1.CDS.7	0.628263155900934	0.428300320966353	0.464846133355612	94.8134206219313	0.957711319413447	99
jim|883876.d03edc.CDS.7	0.0653106800351258	0.420395618312789	0.243300901311713	92.3109656301146	0.94194862887872	98
jim|300180.dc123b.CDS.7	0.720677198701667	1.35948824996233	1.35102706153121	95.2242225859247	0.924507015397327	103
jim|11620.b83a06.CDS.7	0.628263155900934	0.428300320966353	0.464846133355612	94.8134206219313	0.957711319413447	99
jim|2169991.1abadc.CDS.1	1.29733622197883	1.73178726174559	0.642880026863883	86.253682487725	0.917592366890692	94
jim|11631.118c84.CDS.8	1.08820802950546	1.72496847429439	0.421334794819984	87.1833060556465	0.917719011112068	95
jim|11620.f96dc5.CDS.7	0.628263155900934	0.428300320966353	0.464846133355612	94.8134206219313	0.957711319413447	99
jim|11620.e80477.CDS.7	0.628263155900934	0.428300320966353	0.464846133355612	94.8134206219313	0.957711319413447	99
jim|11620.d914bc.CDS.7	0.628263155900934	0.428300320966353	0.464846133355612	94.8134206219313	0.957711319413447	99
jim|11620.589445.CDS.7	0.628263155900934	0.428300320966353	0.464846133355612	94.8134206219313	0.957711319413447	99
jim|11620.a9f559.CDS.7	0.628263155900934	0.428300320966353	0.464846133355612	94.8134206219313	0.957711319413447	99
jim|11620.408a34.CDS.7	0.628263155900934	0.428300320966353	0.464846133355612	94.8134206219313	0.957711319413447	99
jim|11623.42256c.CDS.7	1.28076796729344	0.508054487315054	1.52906095503948	86.3273322422259	0.959192580469176	90
jim|41118.2c1afe.CDS.7	0.849256978598395	0.0473935420444632	0.864425258907782	88.2454991816694	0.948876335286768	93
jim|11620.d8ec38.CDS.7	0.628263155900934	0.428300320966353	0.464846133355612	94.8134206219313	0.957711319413447	99
jim|41118.094e55.CDS.7	0.849256978598395	0.0473935420444632	0.864425258907782	88.2454991816694	0.948876335286768	93
jim|11620.4c86c6.CDS.7	0.628263155900934	0.428300320966353	0.464846133355612	94.8134206219313	0.957711319413447	99
jim|2877498.0e4983.CDS.9	0.877607103282285	1.00088781479975	1.30751572299558	88.1194762684125	0.968345893059477	91
jim|2169991.bd08e6.CDS.1	1.29733622197883	1.73178726174559	0.642880026863883	86.253682487725	0.917592366890692	94
jim|11620.81e126.CDS.7	0.628263155900934	0.428300320966353	0.464846133355612	94.8134206219313	0.957711319413447	99
jim|11620.820966.CDS.7	0.628263155900934	0.428300320966353	0.464846133355612	94.8134206219313	0.957711319413447	99
jim|11620.2a6d8a.CDS.7	0.628263155900934	0.428300320966353	0.464846133355612	94.8134206219313	0.957711319413447	99
jim|11628.71ee18.CDS.1	1.29733622197883	1.73178726174559	0.642880026863883	86.253682487725	0.917592366890692	94
jim|11620.601a6f.CDS.7	0.628263155900934	0.428300320966353	0.464846133355612	94.8134206219313	0.957711319413447	99
jim|499556.0daa39.CDS.7	0.714870023928013	2.32579248087611	0.243300901311713	88.8428805237316	0.9065600053442	98
jim|300180.3190d1.CDS.7	0.720677198701667	1.35948824996233	1.35102706153121	95.2242225859247	0.924507015397327	103
jim|11623.2e3d84.CDS.5	1.42840952571213	0.447786519593318	1.30751572299558	85.671031096563	0.941439902160033	91
jim|2169991.84ffea.CDS.1	1.29733622197883	1.73178726174559	0.642880026863883	86.253682487725	0.917592366890692	94
jim|11620.92df50.CDS.7	0.628263155900934	0.428300320966353	0.464846133355612	94.8134206219313	0.957711319413447	99
jim|11620.6020a3.CDS.7	0.628263155900934	0.428300320966353	0.464846133355612	94.8134206219313	0.957711319413447	99
jim|11620.96569b.CDS.7	0.628263155900934	0.428300320966353	0.464846133355612	94.8134206219313	0.957711319413447	99
jim|11623.c7b58a.CDS.5	1.28076796729344	0.508054487315054	1.52906095503948	86.3273322422259	0.959192580469176	90
jim|11620.8d5c28.CDS.7	0.628263155900934	0.428300320966353	0.464846133355612	94.8134206219313	0.957711319413447	99
jim|11620.e747d0.CDS.8	0.628263155900934	0.428300320966353	0.464846133355612	94.8134206219313	0.957711319413447	99
jim|11620.1d3265.CDS.7	0.411034927803596	0.423949664342688	0.243300901311713	93.847790507365	0.957630515381275	98
jim|11620.5cee65.CDS.7	0.628263155900934	0.428300320966353	0.464846133355612	94.8134206219313	0.957711319413447	99
jim|11620.b89465.CDS.7	0.628263155900934	0.428300320966353	0.464846133355612	94.8134206219313	0.957711319413447	99
jim|1588685.e67ab9.CDS.5	0.877607103282285	1.00088781479975	1.30751572299558	88.1194762684125	0.968345893059477	91
jim|11620.96acdc.CDS.7	0.628263155900934	0.428300320966353	0.464846133355612	94.8134206219313	0.957711319413447	99
jim|2169991.04b4b2.CDS.7	1.29733622197883	1.73178726174559	0.642880026863883	86.253682487725	0.917592366890692	94
jim|192848.59c586.CDS.1	1.00573493951597	1.51718788301752	0.421334794819984	87.5499181669395	0.921578085967784	95
jim|300180.bdd425.CDS.7	0.720677198701667	1.35948824996233	1.35102706153121	95.2242225859247	0.924507015397327	103
jim|11620.7222e4.CDS.7	0.628263155900934	0.428300320966353	0.464846133355612	94.8134206219313	0.957711319413447	99
jim|2169992.9ed4df.CDS.7	0.706769988304042	3.28262721492689	0.686391365399511	88.8788870703765	0.888788870703765	100
jim|3052330.270770.CDS.7	0.877607103282285	1.00088781479975	1.30751572299558	88.1194762684125	0.968345893059477	91
jim|11620.6a4ffe.CDS.7	0.628263155900934	0.428300320966353	0.464846133355612	94.8134206219313	0.957711319413447	99
jim|11620.b6fac2.CDS.7	0.0271033627656008	0.405797139961859	0.199789562776085	91.9001636661211	0.957293371522095	96
jim|11620.f4c89d.CDS.7	0.628263155900934	0.428300320966353	0.464846133355612	94.8134206219313	0.957711319413447	99
jim|2169991.191337.CDS.1	1.29733622197883	1.73178726174559	0.642880026863883	86.253682487725	0.917592366890692	94
jim|11620.233808.CDS.7	0.628263155900934	0.428300320966353	0.464846133355612	94.8134206219313	0.957711319413447	99
jim|2169991.2dc7d7.CDS.1	1.29733622197883	1.73178726174559	0.642880026863883	86.253682487725	0.917592366890692	94
jim|11620.01d217.CDS.7	0.628263155900934	0.428300320966353	0.464846133355612	94.8134206219313	0.957711319413447	99
jim|1588685.a0bc25.CDS.9	0.877607103282285	1.00088781479975	1.30751572299558	88.1194762684125	0.968345893059477	91
jim|11620.d4427c.CDS.7	0.628263155900934	0.428300320966353	0.464846133355612	94.8134206219313	0.957711319413447	99
jim|41118.418a4a.CDS.7	0.877607103282285	1.00088781479975	1.30751572299558	88.1194762684125	0.968345893059477	91
jim|11620.04fee8.CDS.7	0.628263155900934	0.428300320966353	0.464846133355612	94.8134206219313	0.957711319413447	99
jim|11620.6db65f.CDS.7	0.628263155900934	0.428300320966353	0.464846133355612	94.8134206219313	0.957711319413447	99
jim|1912901.a0bc9d.CDS.5	0.851466079223108	0.053078782877197	0.864425258907782	88.2356792144027	0.948770744240889	93
jim|11620.a8a99f.CDS.7	0.628263155900934	0.428300320966353	0.464846133355612	94.8134206219313	0.957711319413447	99
jim|11620.63d617.CDS.7	0.628263155900934	0.428300320966353	0.464846133355612	94.8134206219313	0.957711319413447	99
jim|45220.d3b808.CDS.2	1.00573493951597	1.51718788301752	0.421334794819984	87.5499181669395	0.921578085967784	95
jim|11620.5119ef.CDS.7	0.628263155900934	0.428300320966353	0.464846133355612	94.8134206219313	0.957711319413447	99
jim|11620.9e36eb.CDS.7	0.628263155900934	0.428300320966353	0.464846133355612	94.8134206219313	0.957711319413447	99
jim|41118.9aa424.CDS.6	0.849256978598395	0.0473935420444632	0.864425258907782	88.2454991816694	0.948876335286768	93
jim|11620.3c08b1.CDS.7	0.628263155900934	0.428300320966353	0.464846133355612	94.8134206219313	0.957711319413447	99
jim|11620.c95b26.CDS.7	0.628263155900934	0.428300320966353	0.464846133355612	94.8134206219313	0.957711319413447	99
jim|11620.4ce09c.CDS.7	0.687992632993935	1.49959589114496	1.30751572299558	88.962356792144	0.977608316397187	91
jim|11623.365980.CDS.1	1.28076796729344	0.508054487315054	1.52906095503948	86.3273322422259	0.959192580469176	90
jim|11620.0c63ca.CDS.7	0.628263155900934	0.428300320966353	0.464846133355612	94.8134206219313	0.957711319413447	99
jim|2877499.97297a.CDS.7	1.28076796729344	0.508054487315054	1.52906095503948	86.3273322422259	0.959192580469176	90
jim|11620.8eca01.CDS.7	0.628263155900934	0.428300320966353	0.464846133355612	94.8134206219313	0.957711319413447	99
jim|483046.8ff81a.CDS.5	1.28076796729344	0.508054487315054	1.52906095503948	86.3273322422259	0.959192580469176	90
jim|11620.b8e792.CDS.7	0.628263155900934	0.428300320966353	0.464846133355612	94.8134206219313	0.957711319413447	99
jim|11620.fbf49f.CDS.7	0.628263155900934	0.428300320966353	0.464846133355612	94.8134206219313	0.957711319413447	99
jim|913012.01c10f.CDS.10	0.179899489308638	2.98465649698736	1.12948182948731	91.2209492635025	0.894323031995122	102
jim|45219.ad3e90.CDS.7	1.08820802950546	1.72496847429439	0.421334794819984	87.1833060556465	0.917719011112068	95
jim|2169991.f5a0ba.CDS.7	1.29733622197883	1.73178726174559	0.642880026863883	86.253682487725	0.917592366890692	94
jim|11620.87b410.CDS.7	0.628263155900934	0.428300320966353	0.464846133355612	94.8134206219313	0.957711319413447	99
jim|11620.324bce.CDS.7	0.628263155900934	0.428300320966353	0.464846133355612	94.8134206219313	0.957711319413447	99
jim|11620.db28b6.CDS.7	0.628263155900934	0.428300320966353	0.464846133355612	94.8134206219313	0.957711319413447	99
jim|11620.709715.CDS.7	0.628263155900934	0.428300320966353	0.464846133355612	94.8134206219313	0.957711319413447	99
jim|11620.e4a0dc.CDS.7	0.628263155900934	0.428300320966353	0.464846133355612	94.8134206219313	0.957711319413447	99
jim|11623.5a70f0.CDS.5	1.28076796729344	0.508054487315054	1.52906095503948	86.3273322422259	0.959192580469176	90
jim|11620.faa917.CDS.7	0.628263155900934	0.428300320966353	0.464846133355612	94.8134206219313	0.957711319413447	99
jim|11620.962c28.CDS.7	0.628263155900934	0.428300320966353	0.464846133355612	94.8134206219313	0.957711319413447	99
jim|2994979.2037ae.CDS.7	1.08820802950546	1.72496847429439	0.421334794819984	87.1833060556465	0.917719011112068	95
jim|499556.460a0c.CDS.7	0.714870023928013	2.32579248087611	0.243300901311713	88.8428805237316	0.9065600053442	98
jim|45219.609596.CDS.7	1.08820802950546	1.72496847429439	0.421334794819984	87.1833060556465	0.917719011112068	95
jim|11620.16b5ac.CDS.7	0.628263155900934	0.428300320966353	0.464846133355612	94.8134206219313	0.957711319413447	99
jim|300180.1c6c4f.CDS.7	0.720677198701667	1.35948824996233	1.35102706153121	95.2242225859247	0.924507015397327	103
jim|11623.b78d00.CDS.5	1.28076796729344	0.508054487315054	1.52906095503948	86.3273322422259	0.959192580469176	90
jim|11620.1c0e6a.CDS.7	0.628263155900934	0.428300320966353	0.464846133355612	94.8134206219313	0.957711319413447	99
jim|11623.8359c0.CDS.5	1.28076796729344	0.508054487315054	1.52906095503948	86.3273322422259	0.959192580469176	90
jim|11620.bda373.CDS.7	0.628263155900934	0.428300320966353	0.464846133355612	94.8134206219313	0.957711319413447	99
jim|11620.0a43a2.CDS.7	0.628263155900934	0.428300320966353	0.464846133355612	94.8134206219313	0.957711319413447	99
jim|11620.ef1ba4.CDS.7	0.628263155900934	0.428300320966353	0.464846133355612	94.8134206219313	0.957711319413447	99
jim|2877494.136bdb.CDS.9	0.877607103282285	1.00088781479975	1.30751572299558	88.1194762684125	0.968345893059477	91
jim|11631.16a10e.CDS.7	1.08820802950546	1.72496847429439	0.421334794819984	87.1833060556465	0.917719011112068	95
jim|41118.a95268.CDS.8	0.877607103282285	1.00088781479975	1.30751572299558	88.1194762684125	0.968345893059477	91
jim|300180.79441c.CDS.7	0.720677198701667	1.35948824996233	1.35102706153121	95.2242225859247	0.924507015397327	103
jim|11620.78cefa.CDS.7	0.628263155900934	0.428300320966353	0.464846133355612	94.8134206219313	0.957711319413447	99
jim|11620.aab049.CDS.7	0.628263155900934	0.428300320966353	0.464846133355612	94.8134206219313	0.957711319413447	99
jim|11620.edf0fe.CDS.7	0.628263155900934	0.428300320966353	0.464846133355612	94.8134206219313	0.957711319413447	99
jim|2169991.5bdd96.CDS.7	1.29733622197883	1.73178726174559	0.642880026863883	86.253682487725	0.917592366890692	94
jim|11620.80df7d.CDS.9	0.628263155900934	0.428300320966353	0.464846133355612	94.8134206219313	0.957711319413447	99
jim|11620.dc1a35.CDS.7	0.628263155900934	0.428300320966353	0.464846133355612	94.8134206219313	0.957711319413447	99
jim|45219.df1646.CDS.1	1.08820802950546	1.72496847429439	0.421334794819984	87.1833060556465	0.917719011112068	95
jim|11620.86cfa3.CDS.7	0.628263155900934	0.428300320966353	0.464846133355612	94.8134206219313	0.957711319413447	99
jim|11631.db87de.CDS.7	1.08820802950546	1.72496847429439	0.421334794819984	87.1833060556465	0.917719011112068	95
jim|300175.34dc56.CDS.7	0.720677198701667	1.35948824996233	1.35102706153121	95.2242225859247	0.924507015397327	103
jim|2169991.df0407.CDS.7	1.29733622197883	1.73178726174559	0.642880026863883	86.253682487725	0.917592366890692	94
